1.8602e-006	-0.05794	1.8713e-006	-0.05852	0.50236	0.41992	90.62	74.236
1.8602e-006	-0.058054	1.8713e-006	-0.057617	0.5026	0.41967	90.603	74.656
1.8602e-006	-0.057359	1.8713e-006	-0.057768	0.50243	0.42002	90.634	74.719
1.8602e-006	-0.057927	1.8712e-006	-0.058457	0.50241	0.41997	90.607	74.651
1.8602e-006	-0.057781	1.8712e-006	-0.057933	0.50262	0.41988	90.593	74.598
1.8602e-006	-0.058367	1.8712e-006	-0.057946	0.50275	0.421	90.602	74.946
1.8602e-006	-0.058826	1.8712e-006	-0.057627	0.50277	0.42129	90.62	74.868
1.8603e-006	-0.058782	1.8712e-006	-0.057517	0.50258	0.42212	90.646	74.806
1.8603e-006	-0.058474	1.8713e-006	-0.058289	0.50243	0.42177	90.636	74.419
1.8603e-006	-0.058298	1.8712e-006	-0.058695	0.50264	0.42121	90.626	74.64
1.8603e-006	-0.057945	1.8712e-006	-0.058035	0.50274	0.42141	90.666	74.417
1.8603e-006	-0.057057	1.8712e-006	-0.057144	0.50259	0.42126	90.642	74.387
1.8603e-006	-0.057807	1.8712e-006	-0.057498	0.5023	0.42151	90.627	75.086
1.8603e-006	-0.058382	1.8712e-006	-0.057626	0.50232	0.42295	90.652	75.304
1.8604e-006	-0.057023	1.8712e-006	-0.057448	0.50255	0.42362	90.645	75.079
1.8604e-006	-0.057001	1.8712e-006	-0.058107	0.50239	0.42324	90.623	74.825
1.8603e-006	-0.058231	1.8711e-006	-0.058767	0.50236	0.42315	90.633	75.204
1.8603e-006	-0.058528	1.8711e-006	-0.058318	0.50247	0.42309	90.643	75.089
1.8603e-006	-0.058894	1.8712e-006	-0.058438	0.50239	0.4235	90.674	75.286
1.8603e-006	-0.059094	1.8712e-006	-0.057709	0.5023	0.42333	90.672	75.471
1.8604e-006	-0.058817	1.8711e-006	-0.058255	0.50222	0.42376	90.674	75.959
1.8604e-006	-0.058675	1.8711e-006	-0.058107	0.50245	0.42479	90.697	75.625
1.8603e-006	-0.059017	1.8711e-006	-0.058492	0.50293	0.42515	90.672	75.696
1.8603e-006	-0.05883	1.8711e-006	-0.058634	0.50307	0.42524	90.653	75.912
1.8604e-006	-0.058096	1.8711e-006	-0.058117	0.50287	0.42526	90.681	76.044
1.8604e-006	-0.057856	1.8711e-006	-0.058086	0.50273	0.42585	90.683	75.997
1.8604e-006	-0.058365	1.8711e-006	-0.058896	0.50282	0.42609	90.699	76.375
1.8604e-006	-0.058279	1.8711e-006	-0.05923	0.50277	0.42655	90.677	76.53
1.8604e-006	-0.058454	1.8711e-006	-0.057851	0.50285	0.42643	90.65	76.003
1.8604e-006	-0.059587	1.8711e-006	-0.057144	0.50297	0.4267	90.63	75.59
1.8605e-006	-0.060067	1.871e-006	-0.056528	0.50298	0.42697	90.65	75.346
1.8605e-006	-0.059675	1.871e-006	-0.056255	0.50302	0.4269	90.667	75.715
1.8605e-006	-0.058638	1.871e-006	-0.056738	0.50298	0.42727	90.669	75.76
1.8605e-006	-0.058624	1.871e-006	-0.056711	0.50301	0.42733	90.643	75.514
1.8605e-006	-0.059711	1.871e-006	-0.057397	0.50282	0.42778	90.636	75.736
1.8605e-006	-0.06023	1.871e-006	-0.058535	0.50283	0.42745	90.649	75.913
1.8605e-006	-0.058667	1.871e-006	-0.058979	0.5025	0.42698	90.663	76.026
1.8605e-006	-0.05826	1.871e-006	-0.058223	0.50247	0.42695	90.684	76.405
1.8605e-006	-0.058202	1.871e-006	-0.057805	0.50263	0.42729	90.673	76.058
1.8605e-006	-0.057925	1.871e-006	-0.057576	0.50284	0.42769	90.659	76.077
1.8605e-006	-0.058087	1.871e-006	-0.057369	0.50275	0.428	90.633	76.306
1.8605e-006	-0.057766	1.871e-006	-0.057728	0.50272	0.42791	90.637	76.255
1.8605e-006	-0.057973	1.8709e-006	-0.057757	0.50252	0.4285	90.625	76.575
1.8606e-006	-0.057685	1.8709e-006	-0.057601	0.50233	0.42867	90.622	76.304
1.8606e-006	-0.057738	1.8709e-006	-0.057212	0.50248	0.42871	90.626	76.552
1.8606e-006	-0.058035	1.8709e-006	-0.057225	0.50258	0.42927	90.661	76.576
1.8606e-006	-0.058321	1.8709e-006	-0.057283	0.5027	0.43039	90.639	76.78
1.8606e-006	-0.058839	1.8709e-006	-0.056909	0.50279	0.43039	90.62	76.587
1.8606e-006	-0.059333	1.8708e-006	-0.057135	0.50279	0.42993	90.631	76.289
1.8606e-006	-0.059618	1.8709e-006	-0.057515	0.50248	0.43006	90.666	76.19
1.8606e-006	-0.059685	1.8709e-006	-0.058336	0.50271	0.43044	90.645	76.736
1.8606e-006	-0.059391	1.8708e-006	-0.05859	0.50257	0.43135	90.647	77.409
1.8607e-006	-0.058757	1.8708e-006	-0.058168	0.50237	0.43198	90.654	76.923
1.8607e-006	-0.058628	1.8708e-006	-0.058048	0.50245	0.43154	90.632	76.943
1.8607e-006	-0.060109	1.8708e-006	-0.057082	0.50269	0.43179	90.605	77.023
1.8607e-006	-0.05977	1.8708e-006	-0.057361	0.50264	0.43192	90.61	77.257
1.8607e-006	-0.059468	1.8708e-006	-0.057743	0.50248	0.43193	90.604	76.975
1.8607e-006	-0.058467	1.8708e-006	-0.057957	0.5025	0.43194	90.608	77.024
1.8607e-006	-0.057432	1.8708e-006	-0.057524	0.50275	0.4311	90.635	76.908
1.8607e-006	-0.056671	1.8708e-006	-0.057057	0.50271	0.4304	90.65	76.813
1.8607e-006	-0.056508	1.8708e-006	-0.057844	0.50253	0.43121	90.641	77.461
1.8607e-006	-0.056934	1.8708e-006	-0.057982	0.5026	0.43142	90.648	77.556
1.8608e-006	-0.058107	1.8708e-006	-0.057815	0.50247	0.43186	90.644	77.806
1.8608e-006	-0.058349	1.8708e-006	-0.057248	0.50269	0.43262	90.651	77.658
1.8608e-006	-0.05802	1.8708e-006	-0.056839	0.5026	0.4327	90.68	77.922
1.8608e-006	-0.05779	1.8707e-006	-0.05695	0.50278	0.4332	90.667	77.971
1.8607e-006	-0.057268	1.8707e-006	-0.057097	0.50275	0.43395	90.625	78.202
1.8607e-006	-0.057498	1.8707e-006	-0.056713	0.5026	0.43416	90.639	78.373
1.8608e-006	-0.057535	1.8707e-006	-0.056565	0.50257	0.43453	90.635	77.941
1.8608e-006	-0.058324	1.8707e-006	-0.057336	0.50242	0.43484	90.646	77.747
1.8608e-006	-0.059036	1.8707e-006	-0.057588	0.50231	0.43489	90.655	77.709
1.8608e-006	-0.058985	1.8707e-006	-0.057381	0.50257	0.43445	90.638	77.757
1.8608e-006	-0.058147	1.8706e-006	-0.05692	0.50246	0.43482	90.647	77.76
1.8608e-006	-0.057722	1.8706e-006	-0.056675	0.50233	0.43478	90.633	77.811
1.8608e-006	-0.05702	1.8706e-006	-0.056711	0.50239	0.43477	90.617	77.908
1.8608e-006	-0.057002	1.8706e-006	-0.057052	0.50252	0.43471	90.644	78.119
1.8609e-006	-0.057093	1.8706e-006	-0.058034	0.50282	0.43492	90.674	78.451
1.8609e-006	-0.057993	1.8706e-006	-0.057495	0.50289	0.43543	90.685	78.19
1.8609e-006	-0.057644	1.8706e-006	-0.057301	0.503	0.43543	90.661	78.228
1.8609e-006	-0.057415	1.8706e-006	-0.057319	0.50279	0.43514	90.668	78.275
1.8609e-006	-0.057709	1.8706e-006	-0.056608	0.50272	0.43523	90.676	78.238
1.8609e-006	-0.057486	1.8706e-006	-0.056547	0.50283	0.43547	90.661	78.544
1.8609e-006	-0.057784	1.8707e-006	-0.057174	0.50253	0.43502	90.621	78.744
1.8609e-006	-0.058875	1.8707e-006	-0.057672	0.50265	0.43491	90.614	78.739
1.8609e-006	-0.059393	1.8706e-006	-0.057089	0.50267	0.43563	90.603	78.684
1.8609e-006	-0.059425	1.8706e-006	-0.057452	0.50284	0.43596	90.63	78.644
1.8609e-006	-0.059246	1.8705e-006	-0.05776	0.50296	0.43657	90.624	78.891
1.8609e-006	-0.058957	1.8705e-006	-0.057499	0.50267	0.43683	90.603	78.363
1.861e-006	-0.057942	1.8705e-006	-0.057621	0.50257	0.43694	90.651	78.234
1.861e-006	-0.057155	1.8705e-006	-0.057952	0.50259	0.43678	90.673	78.545
1.861e-006	-0.056666	1.8706e-006	-0.05774	0.50253	0.43704	90.692	78.792
1.861e-006	-0.057335	1.8705e-006	-0.057422	0.50257	0.43748	90.665	78.631
1.861e-006	-0.058582	1.8705e-006	-0.056911	0.50253	0.43765	90.668	78.697
1.861e-006	-0.058094	1.8705e-006	-0.05692	0.50251	0.43793	90.689	78.797
1.861e-006	-0.057288	1.8705e-006	-0.05733	0.50237	0.43793	90.687	78.823
1.8611e-006	-0.057674	1.8705e-006	-0.057083	0.5024	0.43822	90.689	78.741
1.861e-006	-0.059228	1.8704e-006	-0.056864	0.50255	0.43834	90.664	79.013
1.861e-006	-0.058971	1.8704e-006	-0.056964	0.50278	0.43842	90.612	79.365
1.861e-006	-0.058909	1.8704e-006	-0.057741	0.50236	0.43871	90.604	79.705
1.8611e-006	-0.058672	1.8705e-006	-0.05818	0.50216	0.43908	90.623	79.509
1.8611e-006	-0.058055	1.8705e-006	-0.057519	0.50239	0.43921	90.638	79.429
1.8611e-006	-0.058238	1.8704e-006	-0.056789	0.50229	0.43917	90.63	79.469
1.8611e-006	-0.058351	1.8704e-006	-0.057011	0.50248	0.43913	90.639	79.534
1.8611e-006	-0.058305	1.8704e-006	-0.057508	0.50256	0.4393	90.676	79.447
1.8611e-006	-0.058613	1.8704e-006	-0.057418	0.50248	0.43989	90.667	79.808
1.8611e-006	-0.058539	1.8704e-006	-0.05741	0.50257	0.44118	90.652	80.138
1.8612e-006	-0.058247	1.8705e-006	-0.05847	0.50265	0.44177	90.621	79.91
1.8612e-006	-0.057092	1.8704e-006	-0.058574	0.50271	0.44094	90.64	79.483
1.8612e-006	-0.057427	1.8704e-006	-0.057781	0.5028	0.44021	90.651	79.777
1.8611e-006	-0.057309	1.8704e-006	-0.056947	0.50257	0.44079	90.656	79.986
1.8611e-006	-0.056319	1.8704e-006	-0.056617	0.50244	0.44123	90.64	79.868
1.8612e-006	-0.057205	1.8704e-006	-0.056561	0.5026	0.44108	90.622	79.985
1.8612e-006	-0.056969	1.8703e-006	-0.056411	0.50267	0.44044	90.633	80.204
1.8612e-006	-0.056273	1.8703e-006	-0.057212	0.50281	0.44022	90.661	80.413
1.8612e-006	-0.056641	1.8702e-006	-0.057532	0.50299	0.44048	90.634	80.471
1.8612e-006	-0.057362	1.8702e-006	-0.058583	0.50286	0.44038	90.596	80.441
1.8612e-006	-0.057344	1.8703e-006	-0.058135	0.50258	0.44	90.573	80.264
1.8612e-006	-0.057665	1.8703e-006	-0.057893	0.50261	0.44057	90.621	80.393
1.8612e-006	-0.058234	1.8703e-006	-0.057457	0.5025	0.44106	90.665	80.118
1.8612e-006	-0.058799	1.8703e-006	-0.05688	0.50296	0.44062	90.678	79.893
1.8611e-006	-0.057182	1.8703e-006	-0.056714	0.50261	0.4396	90.646	79.599
1.8611e-006	-0.057484	1.8703e-006	-0.056816	0.50252	0.43986	90.637	80.05
1.8612e-006	-0.056933	1.8702e-006	-0.05713	0.50267	0.44083	90.615	80.181
1.8613e-006	-0.056661	1.8702e-006	-0.057785	0.50273	0.44077	90.626	80.442
1.8613e-006	-0.05725	1.8702e-006	-0.058574	0.50259	0.44072	90.643	80.75
1.8613e-006	-0.056686	1.8702e-006	-0.058217	0.50295	0.44129	90.633	80.881
1.8612e-006	-0.056031	1.8702e-006	-0.057324	0.50302	0.44183	90.616	80.994
1.8612e-006	-0.05702	1.8702e-006	-0.057893	0.50294	0.44282	90.642	81.04
1.8613e-006	-0.057161	1.8702e-006	-0.057581	0.50302	0.44315	90.642	80.865
1.8613e-006	-0.057398	1.8702e-006	-0.057581	0.50281	0.4433	90.638	80.982
1.8613e-006	-0.058349	1.8702e-006	-0.057689	0.50288	0.44333	90.653	81.262
1.8613e-006	-0.057726	1.8701e-006	-0.057813	0.50288	0.44366	90.653	81.917
1.8613e-006	-0.057339	1.8701e-006	-0.058034	0.50272	0.44391	90.663	81.407
1.8613e-006	-0.05773	1.8701e-006	-0.057601	0.50248	0.44451	90.666	81.272
1.8613e-006	-0.057833	1.8701e-006	-0.057113	0.50277	0.4448	90.693	81.344
1.8613e-006	-0.057706	1.8701e-006	-0.056726	0.50272	0.44452	90.653	81.329
1.8613e-006	-0.058176	1.8701e-006	-0.056881	0.5024	0.4446	90.606	80.935
1.8614e-006	-0.058037	1.8701e-006	-0.057565	0.5024	0.4445	90.613	80.994
1.8614e-006	-0.057723	1.8701e-006	-0.0581	0.5023	0.44437	90.611	81.39
1.8614e-006	-0.057683	1.8701e-006	-0.058538	0.50237	0.44463	90.635	81.463
1.8614e-006	-0.057222	1.8701e-006	-0.057669	0.50242	0.44555	90.655	81.397
1.8614e-006	-0.05777	1.8701e-006	-0.056409	0.50272	0.44596	90.664	81.25
1.8614e-006	-0.05729	1.8701e-006	-0.055165	0.50272	0.44579	90.661	81.275
1.8614e-006	-0.057192	1.8701e-006	-0.055864	0.50259	0.44597	90.621	81.166
1.8615e-006	-0.056642	1.8701e-006	-0.056443	0.50261	0.4457	90.629	80.891
1.8615e-006	-0.057644	1.8701e-006	-0.056249	0.50267	0.44477	90.652	81.087
1.8615e-006	-0.057297	1.87e-006	-0.056512	0.50254	0.44491	90.663	81.489
1.8614e-006	-0.057632	1.87e-006	-0.055819	0.50248	0.44519	90.652	81.698
1.8614e-006	-0.058045	1.87e-006	-0.056962	0.50258	0.44621	90.652	81.876
1.8615e-006	-0.058005	1.87e-006	-0.057207	0.50265	0.44646	90.634	81.923
1.8615e-006	-0.057505	1.87e-006	-0.057225	0.50254	0.44684	90.642	81.608
1.8615e-006	-0.058078	1.8699e-006	-0.057273	0.50239	0.44677	90.65	81.462
1.8615e-006	-0.058518	1.87e-006	-0.05689	0.50266	0.44673	90.629	81.629
1.8615e-006	-0.058169	1.87e-006	-0.057232	0.5024	0.44728	90.6	81.797
1.8615e-006	-0.057899	1.87e-006	-0.056937	0.50209	0.44775	90.627	81.779
1.8615e-006	-0.057104	1.87e-006	-0.056109	0.50247	0.44753	90.629	81.96
1.8615e-006	-0.057107	1.87e-006	-0.056924	0.50253	0.44778	90.655	82.098
1.8616e-006	-0.057067	1.87e-006	-0.057183	0.50254	0.44815	90.663	82.36
1.8616e-006	-0.056726	1.87e-006	-0.056941	0.50267	0.44848	90.654	82.096
1.8616e-006	-0.057647	1.8699e-006	-0.057369	0.50246	0.44836	90.643	82.028
1.8616e-006	-0.05733	1.8699e-006	-0.058383	0.50278	0.44776	90.646	82.211
1.8616e-006	-0.057205	1.8699e-006	-0.058398	0.50271	0.44766	90.648	82.384
1.8616e-006	-0.058169	1.8699e-006	-0.057815	0.5026	0.4477	90.674	82.757
1.8616e-006	-0.058942	1.8699e-006	-0.057919	0.50284	0.44763	90.659	82.826
1.8616e-006	-0.058752	1.8699e-006	-0.058831	0.50273	0.44789	90.649	82.863
1.8616e-006	-0.058392	1.8699e-006	-0.058631	0.50259	0.44804	90.661	82.009
1.8616e-006	-0.057979	1.8699e-006	-0.057937	0.50274	0.44812	90.672	81.76
1.8617e-006	-0.057633	1.8698e-006	-0.058479	0.5028	0.44859	90.697	82.323
1.8617e-006	-0.057253	1.8698e-006	-0.059671	0.50274	0.44894	90.661	82.661
1.8616e-006	-0.057089	1.8698e-006	-0.059927	0.50245	0.44923	90.64	82.632
1.8616e-006	-0.057553	1.8699e-006	-0.059055	0.50248	0.44972	90.652	82.172
1.8616e-006	-0.058595	1.8698e-006	-0.057981	0.50254	0.44907	90.671	82.286
1.8617e-006	-0.058532	1.8698e-006	-0.058098	0.50268	0.44932	90.69	82.983
1.8617e-006	-0.058326	1.8698e-006	-0.05846	0.50253	0.4495	90.695	83.334
1.8617e-006	-0.05807	1.8698e-006	-0.058399	0.50272	0.44973	90.693	83.377
1.8617e-006	-0.058609	1.8698e-006	-0.059267	0.50277	0.44991	90.692	83.369
1.8617e-006	-0.059401	1.8698e-006	-0.059855	0.50271	0.44976	90.657	83.439
1.8617e-006	-0.058641	1.8698e-006	-0.059488	0.50259	0.44923	90.598	83.772
1.8617e-006	-0.058636	1.8698e-006	-0.05924	0.50262	0.44917	90.629	83.852
1.8618e-006	-0.058438	1.8698e-006	-0.058663	0.50275	0.44988	90.667	83.591
1.8618e-006	-0.059012	1.8698e-006	-0.058223	0.50258	0.45026	90.622	83.234
1.8618e-006	-0.059437	1.8698e-006	-0.058019	0.5024	0.45014	90.619	82.801
1.8618e-006	-0.059023	1.8697e-006	-0.058126	0.5027	0.45001	90.615	82.914
1.8618e-006	-0.059441	1.8697e-006	-0.057841	0.50265	0.45022	90.627	83.257
1.8618e-006	-0.059593	1.8697e-006	-0.057369	0.50262	0.45097	90.648	83.48
1.8618e-006	-0.059382	1.8697e-006	-0.057377	0.50255	0.45127	90.653	83.566
1.8618e-006	-0.058913	1.8697e-006	-0.058509	0.50263	0.45105	90.639	83.501
1.8619e-006	-0.058609	1.8696e-006	-0.05878	0.50254	0.45082	90.638	83.659
1.8619e-006	-0.058446	1.8696e-006	-0.058327	0.50243	0.45055	90.686	83.044
1.8618e-006	-0.058842	1.8697e-006	-0.059325	0.50256	0.45059	90.678	82.965
1.8618e-006	-0.058907	1.8697e-006	-0.059833	0.50245	0.45069	90.674	83.065
1.8619e-006	-0.05869	1.8697e-006	-0.059154	0.50243	0.45101	90.647	83.213
1.8619e-006	-0.05892	1.8697e-006	-0.059009	0.50269	0.45114	90.637	83.549
1.8619e-006	-0.058353	1.8696e-006	-0.058756	0.50296	0.45138	90.642	83.875
1.8619e-006	-0.05859	1.8696e-006	-0.059097	0.5028	0.45159	90.63	84.145
1.8619e-006	-0.058912	1.8696e-006	-0.058326	0.50258	0.45208	90.612	84.176
1.8619e-006	-0.059646	1.8696e-006	-0.057951	0.50219	0.45268	90.612	83.876
1.8619e-006	-0.05965	1.8696e-006	-0.058056	0.50236	0.45186	90.63	83.928
1.8619e-006	-0.058729	1.8696e-006	-0.058546	0.50257	0.45145	90.656	84.448
1.8619e-006	-0.057065	1.8696e-006	-0.058521	0.5026	0.45179	90.652	84.534
1.862e-006	-0.056777	1.8696e-006	-0.059183	0.50262	0.45271	90.646	84.496
1.8619e-006	-0.057254	1.8696e-006	-0.059485	0.50252	0.45248	90.637	84.316
1.862e-006	-0.057503	1.8695e-006	-0.059018	0.50251	0.45298	90.627	84.383
1.862e-006	-0.057068	1.8695e-006	-0.058336	0.50267	0.453	90.624	84.363
1.862e-006	-0.056847	1.8695e-006	-0.057957	0.50275	0.45302	90.644	84.885
1.862e-006	-0.057124	1.8695e-006	-0.058061	0.50267	0.45304	90.672	85.042
1.862e-006	-0.057859	1.8695e-006	-0.0586	0.50249	0.45312	90.633	85.005
1.862e-006	-0.058246	1.8695e-006	-0.058233	0.50261	0.45333	90.668	84.93
1.862e-006	-0.058096	1.8695e-006	-0.058694	0.50268	0.45429	90.68	84.866
1.862e-006	-0.057502	1.8695e-006	-0.059049	0.50265	0.45463	90.669	84.883
1.862e-006	-0.057368	1.8695e-006	-0.058343	0.50272	0.4545	90.665	85.087
1.8621e-006	-0.057226	1.8696e-006	-0.058086	0.50282	0.45473	90.64	85.203
1.8621e-006	-0.056632	1.8695e-006	-0.057838	0.50273	0.45486	90.649	84.722
1.8621e-006	-0.056364	1.8694e-006	-0.05772	0.5025	0.45456	90.65	84.692
1.8621e-006	-0.05698	1.8694e-006	-0.058079	0.50255	0.45423	90.64	84.838
1.862e-006	-0.056597	1.8694e-006	-0.057996	0.50242	0.4544	90.644	85.392
1.862e-006	-0.057267	1.8695e-006	-0.059019	0.50256	0.45519	90.641	85.515
1.8621e-006	-0.058137	1.8694e-006	-0.05852	0.50269	0.45517	90.621	85.689
1.8621e-006	-0.059357	1.8694e-006	-0.057244	0.50278	0.45529	90.654	85.828
1.8621e-006	-0.059344	1.8693e-006	-0.057405	0.50262	0.45535	90.672	85.945
1.8621e-006	-0.060016	1.8693e-006	-0.057241	0.50245	0.45511	90.641	86.191
1.8621e-006	-0.060033	1.8694e-006	-0.057607	0.50246	0.45475	90.631	86.411
1.8621e-006	-0.058203	1.8694e-006	-0.05684	0.50258	0.45494	90.628	86.596
1.8621e-006	-0.057348	1.8694e-006	-0.056829	0.50251	0.45548	90.627	86.345
1.8621e-006	-0.057612	1.8694e-006	-0.058017	0.50261	0.45532	90.601	86.103
1.8621e-006	-0.058286	1.8694e-006	-0.05878	0.50273	0.45535	90.629	86.065
1.8621e-006	-0.05789	1.8693e-006	-0.057881	0.50266	0.45554	90.633	86.283
1.8622e-006	-0.05776	1.8693e-006	-0.056537	0.50245	0.45615	90.658	86.398
1.8622e-006	-0.058217	1.8693e-006	-0.056524	0.50214	0.45654	90.673	86.548
1.8623e-006	-0.058035	1.8693e-006	-0.05716	0.50227	0.45644	90.647	86.097
1.8623e-006	-0.058266	1.8693e-006	-0.05823	0.5023	0.45523	90.633	85.973
1.8623e-006	-0.05725	1.8693e-006	-0.058734	0.50238	0.45557	90.661	86.242
1.8623e-006	-0.057331	1.8693e-006	-0.057854	0.5022	0.45597	90.65	86.411
1.8622e-006	-0.057235	1.8693e-006	-0.057333	0.50225	0.45658	90.645	86.574
1.8622e-006	-0.057356	1.8692e-006	-0.058291	0.50251	0.45703	90.626	86.338
1.8622e-006	-0.058109	1.8692e-006	-0.058546	0.50271	0.45726	90.637	86.345
1.8622e-006	-0.058551	1.8692e-006	-0.05791	0.50273	0.45722	90.655	86.397
1.8623e-006	-0.058246	1.8692e-006	-0.057476	0.50248	0.45738	90.665	86.631
1.8623e-006	-0.057727	1.8692e-006	-0.058125	0.50247	0.45703	90.662	86.697
1.8623e-006	-0.057846	1.8693e-006	-0.058248	0.5029	0.45683	90.657	86.581
1.8623e-006	-0.058497	1.8693e-006	-0.0582	0.50279	0.45736	90.678	86.429
1.8623e-006	-0.058388	1.8692e-006	-0.057745	0.50264	0.45812	90.699	86.674
1.8623e-006	-0.058451	1.8692e-006	-0.056917	0.50273	0.45849	90.67	86.94
1.8623e-006	-0.057974	1.8692e-006	-0.056585	0.50265	0.45839	90.644	86.978
1.8623e-006	-0.058348	1.8692e-006	-0.056821	0.50261	0.4586	90.659	87.367
1.8623e-006	-0.059241	1.8692e-006	-0.0571	0.50258	0.45913	90.64	87.659
1.8623e-006	-0.058243	1.8692e-006	-0.058041	0.50282	0.4592	90.668	87.714
1.8624e-006	-0.058484	1.8692e-006	-0.058536	0.50253	0.45911	90.643	87.836
1.8624e-006	-0.058507	1.8692e-006	-0.058596	0.50216	0.45893	90.613	88.012
1.8624e-006	-0.05713	1.8691e-006	-0.0588	0.50208	0.45844	90.632	88.014
1.8624e-006	-0.058159	1.8691e-006	-0.059059	0.50206	0.45871	90.674	87.776
1.8624e-006	-0.058812	1.8691e-006	-0.059153	0.50236	0.45903	90.679	87.554
1.8624e-006	-0.05884	1.8691e-006	-0.058855	0.50252	0.45865	90.668	87.823
1.8624e-006	-0.058682	1.8691e-006	-0.058969	0.50269	0.45871	90.651	87.841
1.8624e-006	-0.057818	1.8691e-006	-0.058955	0.50258	0.45916	90.632	88.1
1.8624e-006	-0.057492	1.8691e-006	-0.058722	0.50265	0.45938	90.613	88.418
1.8624e-006	-0.057869	1.8691e-006	-0.059056	0.50232	0.45888	90.64	88.629
1.8625e-006	-0.058663	1.8691e-006	-0.058916	0.50244	0.45879	90.67	88.824
1.8625e-006	-0.059131	1.8691e-006	-0.058819	0.50253	0.4591	90.681	89.085
1.8625e-006	-0.058256	1.869e-006	-0.058722	0.50241	0.45935	90.688	88.929
1.8625e-006	-0.058533	1.869e-006	-0.057734	0.50245	0.45924	90.673	88.577
1.8625e-006	-0.058153	1.869e-006	-0.057369	0.50242	0.45886	90.675	88.441
1.8625e-006	-0.058351	1.869e-006	-0.057415	0.5025	0.45927	90.672	88.212
1.8625e-006	-0.058241	1.869e-006	-0.057845	0.50257	0.45955	90.659	88.056
1.8625e-006	-0.058069	1.869e-006	-0.057876	0.50255	0.46032	90.68	88.248
1.8625e-006	-0.057517	1.869e-006	-0.056969	0.50253	0.46077	90.662	88.288
1.8625e-006	-0.056808	1.869e-006	-0.057522	0.50237	0.46059	90.672	88.098
1.8625e-006	-0.05631	1.8689e-006	-0.05759	0.50235	0.46056	90.678	87.981
1.8625e-006	-0.056193	1.8689e-006	-0.057514	0.50248	0.4608	90.68	88.256
1.8625e-006	-0.056974	1.8689e-006	-0.057412	0.50253	0.46082	90.651	88.947
1.8625e-006	-0.057265	1.8689e-006	-0.057961	0.50236	0.46046	90.624	89.458
1.8625e-006	-0.057253	1.8689e-006	-0.05918	0.50248	0.46016	90.625	90.008
1.8625e-006	-0.056884	1.8688e-006	-0.05903	0.5023	0.45949	90.664	90.192
1.8625e-006	-0.056938	1.8688e-006	-0.058768	0.50244	0.45923	90.669	90.201
1.8625e-006	-0.056953	1.8689e-006	-0.058701	0.5024	0.45966	90.664	90.122
1.8625e-006	-0.057389	1.8688e-006	-0.058693	0.50243	0.46042	90.663	90.05
1.8626e-006	-0.056992	1.8688e-006	-0.058478	0.50258	0.4606	90.659	89.928
1.8626e-006	-0.057234	1.8688e-006	-0.058904	0.50263	0.46079	90.665	89.969
1.8626e-006	-0.057179	1.8688e-006	-0.058439	0.50257	0.46136	90.655	89.845
1.8626e-006	-0.057319	1.8688e-006	-0.058525	0.50247	0.46145	90.649	89.742
1.8626e-006	-0.056461	1.8688e-006	-0.058589	0.50267	0.46128	90.665	89.633
1.8627e-006	-0.055841	1.8688e-006	-0.058712	0.50287	0.46089	90.653	89.61
1.8627e-006	-0.0558	1.8688e-006	-0.058705	0.50296	0.46097	90.671	89.869
1.8627e-006	-0.055916	1.8688e-006	-0.058976	0.50305	0.46161	90.668	89.923
1.8627e-006	-0.056092	1.8688e-006	-0.060065	0.50293	0.46218	90.69	89.63
1.8627e-006	-0.05619	1.8688e-006	-0.059965	0.50295	0.46198	90.686	89.871
1.8627e-006	-0.055206	1.8688e-006	-0.060005	0.50309	0.46254	90.65	89.988
1.8627e-006	-0.056239	1.8688e-006	-0.060352	0.50299	0.46264	90.625	90.288
1.8627e-006	-0.056605	1.8688e-006	-0.059841	0.50285	0.46307	90.65	90.662
1.8627e-006	-0.056132	1.8688e-006	-0.058292	0.5027	0.46376	90.624	90.475
1.8627e-006	-0.057238	1.8687e-006	-0.05816	0.5031	0.46363	90.648	90.445
1.8628e-006	-0.058123	1.8687e-006	-0.057983	0.50291	0.46284	90.657	90.937
1.8628e-006	-0.058143	1.8687e-006	-0.058576	0.50272	0.46257	90.632	90.928
1.8628e-006	-0.058359	1.8687e-006	-0.058117	0.50252	0.46243	90.647	90.862
1.8628e-006	-0.057229	1.8687e-006	-0.057921	0.50246	0.4625	90.678	90.636
1.8627e-006	-0.056794	1.8687e-006	-0.057318	0.50254	0.46259	90.652	90.435
1.8628e-006	-0.057217	1.8687e-006	-0.057213	0.50251	0.46264	90.632	90.799
1.8628e-006	-0.057176	1.8687e-006	-0.0577	0.50266	0.4632	90.614	91.364
1.8628e-006	-0.057744	1.8686e-006	-0.058402	0.50292	0.46317	90.61	91.662
1.8628e-006	-0.057255	1.8686e-006	-0.05843	0.50288	0.46361	90.647	91.775
1.8628e-006	-0.057051	1.8686e-006	-0.059353	0.5028	0.46389	90.638	91.85
1.8629e-006	-0.056647	1.8686e-006	-0.058762	0.50296	0.46387	90.648	91.918
1.8629e-006	-0.056369	1.8687e-006	-0.05855	0.50264	0.46451	90.687	91.82
1.8629e-006	-0.057183	1.8687e-006	-0.058832	0.50274	0.4644	90.706	91.836
1.8629e-006	-0.057386	1.8687e-006	-0.058348	0.50281	0.46428	90.7	92.001
1.8629e-006	-0.05791	1.8686e-006	-0.058339	0.50263	0.4638	90.658	91.942
1.8629e-006	-0.056814	1.8685e-006	-0.057718	0.50258	0.46313	90.644	92.009
1.8629e-006	-0.056423	1.8685e-006	-0.057429	0.50272	0.46334	90.647	91.891
1.8629e-006	-0.0571	1.8685e-006	-0.05756	0.50273	0.46437	90.663	91.408
1.8629e-006	-0.056884	1.8686e-006	-0.057538	0.50275	0.46433	90.666	91.429
1.8629e-006	-0.056767	1.8685e-006	-0.057534	0.50288	0.46399	90.695	91.634
1.8629e-006	-0.056901	1.8685e-006	-0.057522	0.5029	0.46432	90.716	91.703
1.8629e-006	-0.057304	1.8685e-006	-0.057154	0.50265	0.46488	90.726	91.737
1.863e-006	-0.057466	1.8685e-006	-0.058084	0.50253	0.46472	90.71	92.159
1.863e-006	-0.056541	1.8685e-006	-0.059035	0.50279	0.46447	90.706	92.769
1.863e-006	-0.057039	1.8686e-006	-0.058408	0.5029	0.46461	90.687	92.858
1.863e-006	-0.057793	1.8686e-006	-0.05723	0.50275	0.46485	90.679	92.876
1.863e-006	-0.058872	1.8685e-006	-0.056921	0.5026	0.4647	90.652	92.896
1.863e-006	-0.059547	1.8685e-006	-0.058278	0.50251	0.46497	90.653	92.674
1.863e-006	-0.059393	1.8685e-006	-0.058409	0.50259	0.46514	90.661	92.729
1.863e-006	-0.058922	1.8685e-006	-0.058258	0.50256	0.4651	90.662	92.516
1.863e-006	-0.059069	1.8685e-006	-0.05845	0.50251	0.46541	90.682	92.222
1.863e-006	-0.059066	1.8684e-006	-0.058516	0.50261	0.46591	90.703	92.406
1.863e-006	-0.059109	1.8684e-006	-0.05888	0.5023	0.46623	90.689	92.426
1.8631e-006	-0.059172	1.8684e-006	-0.058645	0.50213	0.46641	90.683	92.431
1.8631e-006	-0.059574	1.8685e-006	-0.058491	0.50248	0.46626	90.681	92.324
1.8631e-006	-0.060033	1.8685e-006	-0.058649	0.5024	0.46628	90.701	92.173
1.8631e-006	-0.059417	1.8684e-006	-0.058675	0.50241	0.46674	90.703	92.28
1.8631e-006	-0.059553	1.8684e-006	-0.058018	0.50244	0.46686	90.682	92.392
1.8631e-006	-0.059494	1.8684e-006	-0.057573	0.50247	0.46735	90.679	92.369
1.8631e-006	-0.059314	1.8683e-006	-0.058048	0.50252	0.46731	90.686	91.93
1.8631e-006	-0.058941	1.8683e-006	-0.058686	0.50298	0.46704	90.67	92.02
1.8631e-006	-0.059375	1.8683e-006	-0.058671	0.50282	0.46679	90.656	92.374
1.8631e-006	-0.059069	1.8684e-006	-0.059027	0.50272	0.46586	90.618	92.558
1.8631e-006	-0.059637	1.8684e-006	-0.058984	0.50272	0.4651	90.626	93.097
1.8631e-006	-0.0585	1.8683e-006	-0.058389	0.50255	0.46566	90.644	93.435
1.8631e-006	-0.058639	1.8683e-006	-0.057894	0.5024	0.46597	90.673	93.395
1.8631e-006	-0.059214	1.8683e-006	-0.057129	0.50235	0.46639	90.697	93.382
1.8632e-006	-0.058971	1.8683e-006	-0.058034	0.50263	0.46648	90.679	93.563
1.8632e-006	-0.05796	1.8683e-006	-0.058999	0.50286	0.46689	90.673	93.705
1.8632e-006	-0.057659	1.8684e-006	-0.057393	0.50226	0.46715	90.674	93.606
1.8632e-006	-0.057893	1.8683e-006	-0.057312	0.50233	0.46706	90.677	93.24
1.8632e-006	-0.057845	1.8682e-006	-0.059437	0.50237	0.46709	90.663	93.043
1.8632e-006	-0.05718	1.8682e-006	-0.058832	0.50225	0.46694	90.662	93.269
1.8632e-006	-0.057884	1.8683e-006	-0.057944	0.50233	0.46715	90.691	93.388
1.8632e-006	-0.058432	1.8683e-006	-0.058485	0.50247	0.4671	90.662	92.994
1.8632e-006	-0.057927	1.8683e-006	-0.057659	0.50243	0.46746	90.618	92.949
1.8632e-006	-0.056855	1.8683e-006	-0.056788	0.50235	0.46744	90.629	93.478
1.8632e-006	-0.056109	1.8683e-006	-0.057755	0.5023	0.46714	90.626	93.814
1.8633e-006	-0.056156	1.8682e-006	-0.058575	0.50221	0.46723	90.642	93.683
1.8633e-006	-0.057051	1.8682e-006	-0.058681	0.50236	0.46755	90.69	93.512
1.8633e-006	-0.057399	1.8682e-006	-0.057977	0.50225	0.46775	90.706	93.433
1.8633e-006	-0.057286	1.8682e-006	-0.057496	0.50221	0.46761	90.722	93.631
1.8633e-006	-0.05681	1.8682e-006	-0.057808	0.5024	0.46755	90.684	93.75
1.8633e-006	-0.057118	1.8682e-006	-0.058279	0.50274	0.4679	90.669	93.684
1.8633e-006	-0.056937	1.8682e-006	-0.057945	0.50309	0.46809	90.71	93.682
1.8633e-006	-0.05623	1.8682e-006	-0.058296	0.50279	0.46825	90.738	93.92
1.8633e-006	-0.056202	1.8682e-006	-0.058096	0.50262	0.46845	90.727	94.249
1.8633e-006	-0.056686	1.8682e-006	-0.057889	0.50263	0.4681	90.705	94.524
1.8633e-006	-0.057114	1.8682e-006	-0.058132	0.50246	0.46787	90.678	94.743
1.8633e-006	-0.057672	1.8682e-006	-0.057631	0.50248	0.46816	90.681	94.69
1.8634e-006	-0.057838	1.8682e-006	-0.057417	0.50254	0.46859	90.701	94.798
1.8634e-006	-0.057828	1.8681e-006	-0.057058	0.5026	0.4685	90.707	94.912
1.8634e-006	-0.058214	1.8681e-006	-0.056272	0.50256	0.46853	90.693	94.982
1.8634e-006	-0.057516	1.8681e-006	-0.055854	0.5025	0.4688	90.667	94.866
1.8634e-006	-0.057642	1.8681e-006	-0.056535	0.50255	0.46873	90.685	94.916
1.8634e-006	-0.057044	1.8681e-006	-0.057585	0.50251	0.46848	90.713	95.168
1.8634e-006	-0.056069	1.8681e-006	-0.058522	0.50274	0.46879	90.702	95.512
1.8634e-006	-0.056184	1.8681e-006	-0.058205	0.50299	0.4687	90.656	95.595
1.8634e-006	-0.057292	1.8681e-006	-0.058271	0.50299	0.46886	90.693	95.579
1.8634e-006	-0.056369	1.868e-006	-0.057074	0.50304	0.46904	90.695	95.431
1.8635e-006	-0.057411	1.868e-006	-0.057012	0.50278	0.46945	90.714	95.227
1.8635e-006	-0.058327	1.868e-006	-0.057059	0.50275	0.46967	90.73	95.177
1.8635e-006	-0.058802	1.868e-006	-0.05764	0.50261	0.46984	90.756	95.379
1.8635e-006	-0.058643	1.868e-006	-0.058804	0.50244	0.47007	90.736	95.13
1.8635e-006	-0.058181	1.868e-006	-0.059297	0.50243	0.47008	90.687	94.993
1.8635e-006	-0.058305	1.868e-006	-0.058713	0.5025	0.46988	90.693	95.239
1.8635e-006	-0.058831	1.868e-006	-0.05856	0.5028	0.47012	90.727	95.585
1.8635e-006	-0.057478	1.8679e-006	-0.058367	0.50293	0.47003	90.692	96.039
1.8635e-006	-0.057147	1.8679e-006	-0.05774	0.50256	0.46974	90.681	96.21
1.8636e-006	-0.057867	1.868e-006	-0.058693	0.50232	0.46989	90.687	96.347
1.8636e-006	-0.05855	1.868e-006	-0.059089	0.50271	0.46925	90.693	96.584
1.8636e-006	-0.059143	1.868e-006	-0.058583	0.5029	0.46936	90.677	96.753
1.8635e-006	-0.058749	1.8679e-006	-0.057681	0.50293	0.46964	90.676	96.775
1.8635e-006	-0.058116	1.8679e-006	-0.05821	0.50287	0.46985	90.717	97.038
1.8636e-006	-0.058222	1.868e-006	-0.058117	0.50251	0.46939	90.725	97.448
1.8636e-006	-0.059076	1.8679e-006	-0.058827	0.50243	0.46968	90.716	97.48
1.8636e-006	-0.058404	1.8679e-006	-0.058862	0.50254	0.46966	90.739	97.179
1.8636e-006	-0.057876	1.8679e-006	-0.058711	0.50235	0.46984	90.769	97.079
1.8636e-006	-0.058966	1.8679e-006	-0.058821	0.50229	0.47002	90.77	96.635
1.8636e-006	-0.059165	1.8679e-006	-0.058472	0.50255	0.46965	90.725	96.294
1.8636e-006	-0.058835	1.8679e-006	-0.058532	0.50254	0.46973	90.715	96.359
1.8637e-006	-0.0579	1.8679e-006	-0.059701	0.50251	0.46954	90.688	96.846
1.8637e-006	-0.057955	1.8679e-006	-0.059893	0.50252	0.46947	90.697	96.852
1.8637e-006	-0.057263	1.8679e-006	-0.059435	0.50271	0.46943	90.692	96.897
1.8637e-006	-0.057091	1.8679e-006	-0.05899	0.50254	0.46956	90.707	97.223
1.8637e-006	-0.057503	1.8678e-006	-0.059234	0.50295	0.46983	90.734	97.293
1.8637e-006	-0.057108	1.8678e-006	-0.058903	0.50285	0.4696	90.733	97.455
1.8637e-006	-0.056491	1.8678e-006	-0.058193	0.50272	0.46989	90.715	97.587
1.8636e-006	-0.056128	1.8678e-006	-0.058434	0.50282	0.47002	90.704	97.427
1.8636e-006	-0.056361	1.8678e-006	-0.058992	0.50266	0.47017	90.731	97.269
1.8637e-006	-0.056422	1.8678e-006	-0.06002	0.50259	0.4701	90.759	97.281
1.8637e-006	-0.057164	1.8678e-006	-0.059462	0.50304	0.47031	90.757	97.304
1.8637e-006	-0.057417	1.8678e-006	-0.05827	0.50291	0.46996	90.787	97.355
1.8637e-006	-0.05744	1.8678e-006	-0.058277	0.50268	0.46963	90.746	97.56
1.8638e-006	-0.057917	1.8678e-006	-0.058379	0.50239	0.46929	90.742	97.608
1.8638e-006	-0.058273	1.8678e-006	-0.0585	0.50253	0.46952	90.742	97.463
1.8638e-006	-0.059184	1.8677e-006	-0.058542	0.50246	0.46967	90.75	97.549
1.8638e-006	-0.058157	1.8677e-006	-0.05846	0.50238	0.4701	90.783	97.629
1.8638e-006	-0.058395	1.8677e-006	-0.058154	0.50247	0.46984	90.784	97.673
1.8638e-006	-0.058382	1.8677e-006	-0.058987	0.50254	0.46943	90.781	98.09
1.8638e-006	-0.057803	1.8677e-006	-0.058999	0.50233	0.46938	90.751	98.44
1.8639e-006	-0.05718	1.8677e-006	-0.059093	0.5025	0.46967	90.766	98.568
1.8639e-006	-0.057417	1.8676e-006	-0.059235	0.50258	0.46939	90.752	98.619
1.8639e-006	-0.057104	1.8676e-006	-0.060036	0.50262	0.46923	90.747	98.601
1.8639e-006	-0.056541	1.8676e-006	-0.059704	0.50262	0.46928	90.781	98.558
1.8639e-006	-0.056194	1.8676e-006	-0.060089	0.50274	0.4694	90.777	98.709
1.8639e-006	-0.055815	1.8677e-006	-0.059698	0.50274	0.46897	90.759	99.113
1.8639e-006	-0.057114	1.8677e-006	-0.059993	0.50269	0.46902	90.764	99.237
1.8639e-006	-0.058615	1.8676e-006	-0.060608	0.50234	0.46922	90.803	99.173
1.8639e-006	-0.059198	1.8676e-006	-0.060941	0.50208	0.46904	90.778	99.214
1.8639e-006	-0.059415	1.8676e-006	-0.060948	0.50232	0.46943	90.768	98.999
1.864e-006	-0.059823	1.8676e-006	-0.060334	0.50258	0.4696	90.77	98.86
1.864e-006	-0.060328	1.8676e-006	-0.060387	0.50258	0.47024	90.777	98.966
1.8639e-006	-0.059899	1.8676e-006	-0.060272	0.50252	0.47074	90.772	98.921
1.8639e-006	-0.059559	1.8676e-006	-0.05959	0.50252	0.47101	90.834	98.722
1.8639e-006	-0.059435	1.8676e-006	-0.059136	0.50269	0.47076	90.815	98.903
1.864e-006	-0.05952	1.8676e-006	-0.058876	0.50265	0.47011	90.786	99.001
1.864e-006	-0.059748	1.8675e-006	-0.058219	0.50242	0.46981	90.753	98.97
1.864e-006	-0.058988	1.8675e-006	-0.058321	0.50229	0.46959	90.797	98.968
1.864e-006	-0.058795	1.8675e-006	-0.058329	0.50254	0.46976	90.817	99.032
1.864e-006	-0.058243	1.8675e-006	-0.058322	0.50254	0.47031	90.83	99.267
1.864e-006	-0.057586	1.8675e-006	-0.057999	0.50227	0.47075	90.841	99.27
1.864e-006	-0.058088	1.8675e-006	-0.058266	0.50189	0.471	90.953	99.002
1.864e-006	-0.057878	1.8674e-006	-0.058683	0.50192	0.47125	90.931	98.739
1.8641e-006	-0.057771	1.8674e-006	-0.058137	0.50196	0.47173	90.933	98.78
1.8641e-006	-0.058376	1.8674e-006	-0.05809	0.50197	0.4714	90.951	98.974
1.864e-006	-0.058458	1.8674e-006	-0.058159	0.50183	0.47131	91.055	99.153
1.864e-006	-0.05844	1.8674e-006	-0.058259	0.50163	0.47152	91.238	99.181
1.864e-006	-0.058757	1.8674e-006	-0.058336	0.50128	0.47186	91.436	99.247
1.8641e-006	-0.058954	1.8674e-006	-0.059048	0.50152	0.47175	91.426	99.139
1.8641e-006	-0.059212	1.8674e-006	-0.058589	0.50167	0.47183	91.344	99.105
1.8641e-006	-0.059129	1.8674e-006	-0.059017	0.50147	0.47195	91.422	99.21
1.8641e-006	-0.059084	1.8674e-006	-0.058829	0.50155	0.47219	91.341	99.201
1.8641e-006	-0.058549	1.8675e-006	-0.058179	0.50158	0.47197	91.657	99.077
1.8641e-006	-0.058813	1.8675e-006	-0.057329	0.50109	0.47178	91.966	99.207
1.8641e-006	-0.058694	1.8674e-006	-0.056837	0.50084	0.4719	91.955	99.265
1.8642e-006	-0.057461	1.8674e-006	-0.056325	0.50061	0.47204	92.279	99.395
1.8642e-006	-0.057716	1.8673e-006	-0.056166	0.50067	0.47198	92.188	99.591
1.8642e-006	-0.05774	1.8673e-006	-0.057203	0.50099	0.4718	91.856	99.482
1.8642e-006	-0.058417	1.8673e-006	-0.057695	0.50096	0.47167	91.931	99.3
1.8642e-006	-0.059007	1.8674e-006	-0.057243	0.50077	0.4717	92.097	99.656
1.8642e-006	-0.058999	1.8674e-006	-0.057519	0.50057	0.47145	92.283	100.13
1.8642e-006	-0.059429	1.8674e-006	-0.058428	0.50003	0.47079	92.681	100.61
1.8642e-006	-0.058891	1.8673e-006	-0.058438	0.49989	0.47039	92.661	100.85
1.8642e-006	-0.059449	1.8673e-006	-0.058539	0.49967	0.47029	92.705	100.82
1.8642e-006	-0.059856	1.8673e-006	-0.058187	0.49931	0.47058	92.929	100.79
1.8642e-006	-0.059861	1.8672e-006	-0.057	0.49906	0.47117	93.061	100.69
1.8642e-006	-0.059353	1.8672e-006	-0.056583	0.49883	0.47117	93.077	100.44
1.8643e-006	-0.059018	1.8672e-006	-0.057167	0.49871	0.47128	93.068	100.4
1.8643e-006	-0.057921	1.8673e-006	-0.057801	0.49872	0.47121	93.087	100.62
1.8643e-006	-0.057395	1.8672e-006	-0.058309	0.49898	0.47131	93.063	100.51
1.8642e-006	-0.057256	1.8672e-006	-0.058184	0.49902	0.47146	93.028	100.53
1.8643e-006	-0.058409	1.8672e-006	-0.058176	0.49925	0.47119	92.791	100.57
1.8643e-006	-0.06002	1.8672e-006	-0.057279	0.49967	0.47084	92.63	100.66
1.8643e-006	-0.060122	1.8672e-006	-0.056938	0.49975	0.47073	92.594	101.02
1.8643e-006	-0.058854	1.8672e-006	-0.057038	0.49955	0.4709	92.654	101.29
1.8644e-006	-0.057935	1.8672e-006	-0.057226	0.49951	0.47103	92.852	101.39
1.8644e-006	-0.057943	1.8671e-006	-0.057366	0.49925	0.47098	93.07	101.53
1.8643e-006	-0.057967	1.8671e-006	-0.05739	0.49949	0.47075	92.945	101.38
1.8643e-006	-0.05843	1.8671e-006	-0.057621	0.49922	0.47091	93.098	101.22
1.8644e-006	-0.058451	1.8672e-006	-0.058241	0.49874	0.47112	93.383	101.05
1.8644e-006	-0.05832	1.8672e-006	-0.058542	0.49829	0.47123	93.497	101.1
1.8644e-006	-0.058209	1.8671e-006	-0.058774	0.49826	0.47111	93.424	101.17
1.8644e-006	-0.057789	1.8671e-006	-0.057553	0.49837	0.47113	93.6	101.24
1.8644e-006	-0.057833	1.867e-006	-0.057341	0.49826	0.47129	93.648	101.4
1.8645e-006	-0.057329	1.867e-006	-0.057391	0.49807	0.4715	93.708	101.4
1.8645e-006	-0.058401	1.8671e-006	-0.057169	0.49787	0.47164	93.967	101.17
1.8644e-006	-0.058799	1.867e-006	-0.057902	0.49753	0.47194	94.275	101.01
1.8645e-006	-0.057553	1.867e-006	-0.057564	0.4973	0.47238	94.226	100.72
1.8645e-006	-0.057012	1.867e-006	-0.057548	0.4974	0.47273	94.127	100.78
1.8645e-006	-0.056825	1.8671e-006	-0.057098	0.49715	0.47293	94.206	100.96
1.8645e-006	-0.057778	1.8671e-006	-0.058032	0.49685	0.47312	94.524	101.13
1.8645e-006	-0.05717	1.867e-006	-0.058814	0.49681	0.47314	94.618	101.1
1.8645e-006	-0.05771	1.867e-006	-0.058367	0.49678	0.47273	94.481	101.21
1.8645e-006	-0.058563	1.867e-006	-0.057887	0.4968	0.47241	94.237	101.1
1.8645e-006	-0.059079	1.867e-006	-0.057466	0.49659	0.47224	94.283	100.96
1.8646e-006	-0.058941	1.867e-006	-0.057416	0.49648	0.47302	94.368	100.94
1.8646e-006	-0.058525	1.867e-006	-0.057284	0.49642	0.47317	94.551	101.12
1.8646e-006	-0.058786	1.867e-006	-0.057142	0.49649	0.47253	94.603	101.29
1.8646e-006	-0.057972	1.867e-006	-0.057224	0.49647	0.47258	94.707	101.2
1.8646e-006	-0.057328	1.8669e-006	-0.058334	0.49595	0.47252	94.914	101.13
1.8646e-006	-0.056431	1.8669e-006	-0.058502	0.49612	0.47203	94.884	101.18
1.8646e-006	-0.056931	1.8669e-006	-0.058131	0.49618	0.47245	94.98	101.18
1.8646e-006	-0.057723	1.8669e-006	-0.057701	0.49596	0.47266	95.17	101.3
1.8646e-006	-0.058029	1.8669e-006	-0.05811	0.49568	0.47236	95.437	101.53
1.8646e-006	-0.057813	1.8669e-006	-0.057918	0.49529	0.47236	95.608	101.39
1.8646e-006	-0.057714	1.8669e-006	-0.057676	0.49531	0.47246	95.364	101.34
1.8647e-006	-0.057304	1.8669e-006	-0.057432	0.49563	0.47273	95.198	101.49
1.8647e-006	-0.056421	1.867e-006	-0.05612	0.49549	0.4728	95.341	101.62
1.8647e-006	-0.057504	1.8669e-006	-0.055563	0.49516	0.47272	95.748	101.56
1.8646e-006	-0.057713	1.8668e-006	-0.056227	0.49471	0.473	95.598	101.47
1.8646e-006	-0.057861	1.8668e-006	-0.056315	0.49482	0.47276	95.52	101.38
1.8646e-006	-0.057415	1.8668e-006	-0.056325	0.49464	0.47239	95.819	101.73
1.8646e-006	-0.056544	1.8669e-006	-0.056653	0.49395	0.47182	96.082	102.01
1.8647e-006	-0.05688	1.8669e-006	-0.05729	0.49376	0.47147	96.06	102.12
1.8647e-006	-0.057068	1.8669e-006	-0.057385	0.49402	0.47145	96.077	102.38
1.8647e-006	-0.058422	1.8668e-006	-0.057014	0.49357	0.47119	96.319	102.38
1.8647e-006	-0.058924	1.8668e-006	-0.056657	0.49382	0.47146	96.134	102.36
1.8647e-006	-0.058465	1.8668e-006	-0.056579	0.49421	0.47156	96.036	102.18
1.8647e-006	-0.058141	1.8668e-006	-0.057676	0.49399	0.47189	95.999	101.99
1.8647e-006	-0.05921	1.8668e-006	-0.057667	0.49386	0.47222	95.935	102.09
1.8648e-006	-0.059505	1.8668e-006	-0.057677	0.49389	0.4719	96.051	102.28
1.8648e-006	-0.059285	1.8668e-006	-0.057532	0.4937	0.47191	96.328	102.32
1.8648e-006	-0.059957	1.8668e-006	-0.058107	0.49372	0.47233	96.375	102.32
1.8648e-006	-0.060554	1.8667e-006	-0.058249	0.49358	0.47256	96.467	102.32
1.8648e-006	-0.059221	1.8667e-006	-0.057651	0.49295	0.47294	96.788	102.31
1.8648e-006	-0.058097	1.8668e-006	-0.058205	0.49235	0.47311	97.016	102.2
1.8648e-006	-0.05846	1.8667e-006	-0.058067	0.49194	0.47304	96.907	102.28
1.8648e-006	-0.058929	1.8667e-006	-0.057675	0.49238	0.47301	96.631	102.33
1.8648e-006	-0.058962	1.8667e-006	-0.057831	0.49293	0.47297	96.598	102.32
1.8648e-006	-0.058851	1.8667e-006	-0.058409	0.49297	0.47308	96.746	102.31
1.8648e-006	-0.059027	1.8667e-006	-0.05807	0.49264	0.47322	96.8	101.99
1.8648e-006	-0.059563	1.8667e-006	-0.058085	0.49264	0.47358	96.731	101.94
1.8649e-006	-0.060006	1.8667e-006	-0.057519	0.49239	0.47343	96.692	102.03
1.8649e-006	-0.059738	1.8667e-006	-0.057702	0.49216	0.47359	96.844	101.98
1.8648e-006	-0.059288	1.8667e-006	-0.057373	0.49195	0.47368	96.985	102.04
1.8649e-006	-0.058509	1.8666e-006	-0.057091	0.49179	0.47363	97.037	101.94
1.8649e-006	-0.058767	1.8667e-006	-0.057696	0.49148	0.47409	97.171	101.67
1.8649e-006	-0.058515	1.8667e-006	-0.058286	0.49106	0.47432	97.393	101.66
1.8649e-006	-0.058241	1.8666e-006	-0.058602	0.49089	0.47444	97.574	101.61
1.8649e-006	-0.05879	1.8666e-006	-0.059285	0.49084	0.47458	97.767	101.66
1.8649e-006	-0.057612	1.8666e-006	-0.059768	0.49064	0.47429	97.808	101.81
1.8649e-006	-0.057483	1.8665e-006	-0.058721	0.49041	0.47446	97.687	102.11
1.8649e-006	-0.057874	1.8665e-006	-0.058068	0.49064	0.47426	97.576	102.22
1.865e-006	-0.058237	1.8666e-006	-0.057532	0.4906	0.47423	97.61	102.36
1.865e-006	-0.057923	1.8666e-006	-0.057014	0.49062	0.47444	97.627	102.33
1.865e-006	-0.058458	1.8666e-006	-0.057271	0.491	0.47418	97.59	102.3
1.865e-006	-0.059192	1.8665e-006	-0.05782	0.49093	0.47384	97.597	102.46
1.865e-006	-0.058825	1.8665e-006	-0.057566	0.49099	0.47407	97.489	102.21
1.865e-006	-0.057582	1.8665e-006	-0.058079	0.49129	0.47455	97.412	101.97
1.865e-006	-0.05695	1.8665e-006	-0.058684	0.49124	0.47516	97.374	101.9
1.865e-006	-0.057765	1.8665e-006	-0.05796	0.49105	0.47539	97.416	102.13
1.8651e-006	-0.057726	1.8665e-006	-0.057617	0.49091	0.47508	97.6	102.27
1.865e-006	-0.057895	1.8665e-006	-0.058386	0.49037	0.47483	97.766	102.27
1.8651e-006	-0.058336	1.8665e-006	-0.058932	0.48956	0.47493	98.006	102.17
1.8651e-006	-0.058218	1.8664e-006	-0.058986	0.48979	0.47477	98.105	102.32
1.8651e-006	-0.05788	1.8665e-006	-0.058267	0.4894	0.47471	98.257	102.53
1.8651e-006	-0.058467	1.8665e-006	-0.058417	0.48879	0.47455	98.307	102.41
1.8651e-006	-0.059531	1.8664e-006	-0.059048	0.48829	0.47503	98.394	102.12
1.8651e-006	-0.059445	1.8664e-006	-0.058017	0.48828	0.47595	98.319	101.86
1.8651e-006	-0.058509	1.8664e-006	-0.057558	0.48854	0.47632	98.323	101.81
1.8651e-006	-0.059015	1.8664e-006	-0.05869	0.4889	0.47656	98.179	101.77
1.8651e-006	-0.058883	1.8664e-006	-0.05892	0.48899	0.47656	98.344	101.81
1.8652e-006	-0.058482	1.8664e-006	-0.058665	0.48867	0.47633	98.615	101.75
1.8652e-006	-0.057632	1.8664e-006	-0.058557	0.48849	0.47646	98.608	101.8
1.8651e-006	-0.058001	1.8664e-006	-0.058658	0.48851	0.47657	98.515	101.84
1.8651e-006	-0.058396	1.8663e-006	-0.057936	0.48889	0.47674	98.498	101.79
1.8652e-006	-0.058103	1.8664e-006	-0.057601	0.48878	0.47682	98.714	101.81
1.8652e-006	-0.058274	1.8664e-006	-0.057852	0.48865	0.47682	98.749	101.89
1.8652e-006	-0.058482	1.8664e-006	-0.058361	0.48861	0.47659	98.71	102.08
1.8651e-006	-0.059066	1.8663e-006	-0.058074	0.48886	0.47685	98.644	101.94
1.8652e-006	-0.059092	1.8663e-006	-0.057286	0.48878	0.47707	98.65	101.85
1.8652e-006	-0.05927	1.8663e-006	-0.057551	0.48854	0.47701	98.698	101.86
1.8652e-006	-0.059172	1.8663e-006	-0.057659	0.48851	0.47712	98.823	101.78
1.8652e-006	-0.059302	1.8663e-006	-0.057545	0.48792	0.47766	98.842	101.71
1.8652e-006	-0.059447	1.8663e-006	-0.057868	0.48768	0.47768	98.774	101.83
1.8652e-006	-0.059271	1.8663e-006	-0.057687	0.48767	0.47714	98.671	101.94
1.8653e-006	-0.05841	1.8663e-006	-0.057653	0.48745	0.477	98.664	101.88
1.8653e-006	-0.058401	1.8663e-006	-0.057333	0.48728	0.4769	98.953	101.84
1.8653e-006	-0.058097	1.8663e-006	-0.056829	0.48686	0.47727	99.175	101.84
1.8653e-006	-0.058651	1.8663e-006	-0.056822	0.48708	0.47698	99.236	101.97
1.8653e-006	-0.058169	1.8663e-006	-0.057296	0.48717	0.47728	99.382	101.94
1.8653e-006	-0.057751	1.8663e-006	-0.057824	0.48647	0.47738	99.359	102
1.8653e-006	-0.05797	1.8663e-006	-0.058249	0.48649	0.47706	99.271	102.05
1.8653e-006	-0.058608	1.8663e-006	-0.057927	0.48673	0.477	99.209	101.96
1.8653e-006	-0.057962	1.8662e-006	-0.057901	0.48688	0.47731	99.22	101.82
1.8654e-006	-0.05824	1.8662e-006	-0.057567	0.48667	0.47714	99.217	101.83
1.8654e-006	-0.058705	1.8662e-006	-0.057349	0.4864	0.47699	99.383	101.92
1.8654e-006	-0.058136	1.8662e-006	-0.05812	0.48621	0.4772	99.567	101.89
1.8654e-006	-0.058938	1.8662e-006	-0.058963	0.48604	0.4776	99.593	101.86
1.8653e-006	-0.058683	1.8662e-006	-0.058819	0.48645	0.47795	99.451	101.74
1.8653e-006	-0.058303	1.8662e-006	-0.058923	0.48684	0.47819	99.359	101.61
1.8653e-006	-0.058504	1.8661e-006	-0.058686	0.48675	0.4781	99.425	101.68
1.8654e-006	-0.057442	1.8662e-006	-0.059601	0.48587	0.47825	99.498	101.67
1.8654e-006	-0.057481	1.8662e-006	-0.059705	0.48571	0.47827	99.508	101.73
1.8654e-006	-0.057739	1.8662e-006	-0.058847	0.48565	0.47805	99.557	101.82
1.8654e-006	-0.058558	1.8661e-006	-0.058579	0.48596	0.4772	99.611	101.86
1.8654e-006	-0.0585	1.8661e-006	-0.058227	0.48622	0.47729	99.5	101.75
1.8654e-006	-0.058386	1.8661e-006	-0.058358	0.48599	0.47773	99.411	101.76
1.8654e-006	-0.058916	1.8661e-006	-0.058178	0.48618	0.47805	99.383	101.82
1.8654e-006	-0.05839	1.8661e-006	-0.058175	0.48597	0.47806	99.43	101.94
1.8655e-006	-0.058005	1.8661e-006	-0.058394	0.48569	0.47814	99.514	101.85
1.8655e-006	-0.056789	1.8661e-006	-0.058348	0.48574	0.47833	99.659	101.72
1.8655e-006	-0.057491	1.866e-006	-0.058593	0.4855	0.47864	99.814	101.68
1.8655e-006	-0.058399	1.866e-006	-0.058749	0.48525	0.47889	99.872	101.65
1.8655e-006	-0.05854	1.866e-006	-0.058308	0.48491	0.47862	99.994	101.72
1.8656e-006	-0.058048	1.866e-006	-0.058241	0.48428	0.47875	100.13	101.52
1.8655e-006	-0.05882	1.866e-006	-0.057995	0.48413	0.47895	100.1	101.46
1.8655e-006	-0.059236	1.866e-006	-0.057811	0.48429	0.47866	100.02	101.6
1.8655e-006	-0.058653	1.866e-006	-0.058473	0.48393	0.47833	100.17	101.76
1.8655e-006	-0.057124	1.866e-006	-0.057815	0.4838	0.47821	100.3	101.82
1.8655e-006	-0.058414	1.866e-006	-0.058615	0.48361	0.47891	100.37	101.61
1.8655e-006	-0.058913	1.8659e-006	-0.058755	0.48406	0.47943	100.22	101.54
1.8656e-006	-0.058461	1.8659e-006	-0.058855	0.48444	0.47935	100.26	101.53
1.8656e-006	-0.058205	1.8659e-006	-0.058875	0.48457	0.47939	100.18	101.35
1.8656e-006	-0.058734	1.8659e-006	-0.057542	0.48477	0.47982	100.05	101.26
1.8656e-006	-0.058571	1.8659e-006	-0.057744	0.48432	0.47994	100.08	101.4
1.8656e-006	-0.057396	1.8659e-006	-0.058241	0.48379	0.47996	100.28	101.6
1.8656e-006	-0.05824	1.8659e-006	-0.058249	0.48346	0.47959	100.39	101.68
1.8656e-006	-0.058848	1.8659e-006	-0.058333	0.4837	0.48007	100.34	101.53
1.8656e-006	-0.058812	1.8659e-006	-0.05816	0.48356	0.48058	100.34	101.35
1.8656e-006	-0.058858	1.8659e-006	-0.057734	0.4835	0.48083	100.33	101.29
1.8657e-006	-0.058034	1.8658e-006	-0.057341	0.48351	0.48089	100.51	101.26
1.8657e-006	-0.057841	1.8658e-006	-0.057253	0.48311	0.4813	100.72	101.08
1.8657e-006	-0.05816	1.8658e-006	-0.057591	0.48269	0.48152	100.75	101.01
1.8657e-006	-0.058394	1.8658e-006	-0.057658	0.4825	0.4816	100.68	100.97
1.8657e-006	-0.058446	1.8659e-006	-0.057699	0.48296	0.48167	100.49	101.06
1.8657e-006	-0.057535	1.8659e-006	-0.057081	0.48272	0.48143	100.55	101.12
1.8657e-006	-0.057684	1.8658e-006	-0.05743	0.48278	0.48143	100.47	101
1.8658e-006	-0.057943	1.8658e-006	-0.057824	0.48318	0.48179	100.41	100.92
1.8658e-006	-0.057424	1.8658e-006	-0.058417	0.48311	0.48181	100.6	100.94
1.8657e-006	-0.056974	1.8658e-006	-0.058559	0.4831	0.48183	100.66	100.87
1.8657e-006	-0.057045	1.8658e-006	-0.059162	0.48311	0.48175	100.64	100.91
1.8657e-006	-0.057324	1.8658e-006	-0.059348	0.48284	0.48088	100.7	101.19
1.8658e-006	-0.057473	1.8658e-006	-0.058731	0.48271	0.48045	100.71	101.36
1.8658e-006	-0.057298	1.8658e-006	-0.059371	0.48221	0.48066	100.82	101.36
1.8658e-006	-0.057307	1.8658e-006	-0.058994	0.48186	0.48057	100.99	101.26
1.8658e-006	-0.057497	1.8657e-006	-0.058709	0.48175	0.48141	101.1	100.95
1.8658e-006	-0.057235	1.8657e-006	-0.059549	0.48142	0.4825	101.16	100.73
1.8658e-006	-0.057658	1.8657e-006	-0.059252	0.48127	0.4829	101.25	100.78
1.8658e-006	-0.057612	1.8657e-006	-0.058056	0.48094	0.4829	101.36	100.74
1.8659e-006	-0.058509	1.8657e-006	-0.058149	0.48058	0.48272	101.4	100.76
1.8659e-006	-0.0587	1.8657e-006	-0.057982	0.48012	0.48256	101.35	100.79
1.8659e-006	-0.058756	1.8657e-006	-0.058491	0.48058	0.48291	101.16	100.65
1.8659e-006	-0.058031	1.8657e-006	-0.058224	0.4805	0.48337	101.1	100.59
1.8659e-006	-0.058194	1.8657e-006	-0.05792	0.48093	0.48335	100.98	100.61
1.8658e-006	-0.058035	1.8657e-006	-0.057377	0.48127	0.48333	101	100.63
1.8658e-006	-0.058535	1.8657e-006	-0.057796	0.4813	0.48305	101.08	100.69
1.8659e-006	-0.05911	1.8657e-006	-0.058748	0.48115	0.4829	101.12	100.66
1.8659e-006	-0.058452	1.8656e-006	-0.05939	0.48085	0.48268	101.24	100.84
1.8659e-006	-0.058266	1.8656e-006	-0.059437	0.48083	0.48283	101.3	100.97
1.8659e-006	-0.059062	1.8657e-006	-0.058404	0.48076	0.48297	101.35	100.87
1.8659e-006	-0.059251	1.8656e-006	-0.058007	0.48069	0.48316	101.47	100.85
1.8659e-006	-0.058628	1.8656e-006	-0.057406	0.48011	0.48312	101.58	100.84
1.8659e-006	-0.058433	1.8656e-006	-0.057633	0.47962	0.48289	101.5	100.77
1.8659e-006	-0.058858	1.8655e-006	-0.058308	0.47989	0.48315	101.43	100.65
1.8659e-006	-0.057669	1.8656e-006	-0.058242	0.47965	0.48347	101.6	100.52
1.8659e-006	-0.057247	1.8656e-006	-0.058114	0.47972	0.48374	101.52	100.41
1.8659e-006	-0.057385	1.8656e-006	-0.057378	0.48009	0.48392	101.46	100.31
1.866e-006	-0.057219	1.8655e-006	-0.057172	0.47998	0.48393	101.42	100.3
1.866e-006	-0.057555	1.8655e-006	-0.057379	0.48023	0.48416	101.33	100.19
1.866e-006	-0.057715	1.8655e-006	-0.057297	0.48075	0.48465	101.25	100.08
1.866e-006	-0.056821	1.8655e-006	-0.057552	0.48084	0.4846	101.23	100.13
1.866e-006	-0.056319	1.8655e-006	-0.057852	0.48109	0.48443	101.2	100.08
1.866e-006	-0.057349	1.8655e-006	-0.057733	0.48094	0.48434	101.23	100.08
1.8661e-006	-0.057697	1.8655e-006	-0.057801	0.48067	0.48447	101.29	100.03
1.8661e-006	-0.058157	1.8655e-006	-0.05769	0.48025	0.48453	101.4	100.1
1.8661e-006	-0.057996	1.8655e-006	-0.057946	0.47995	0.48452	101.31	100.12
1.8661e-006	-0.057251	1.8654e-006	-0.058199	0.48016	0.48462	101.15	99.928
1.8661e-006	-0.057641	1.8654e-006	-0.058966	0.4801	0.48483	101.19	99.809
1.8661e-006	-0.057476	1.8654e-006	-0.059528	0.48016	0.48487	101.17	99.728
1.8661e-006	-0.057397	1.8654e-006	-0.059441	0.48028	0.48503	101.12	99.693
1.8661e-006	-0.057092	1.8654e-006	-0.05908	0.48016	0.48519	101.18	99.723
1.8661e-006	-0.056728	1.8654e-006	-0.058339	0.47986	0.48529	101.29	99.669
1.8661e-006	-0.057097	1.8654e-006	-0.058131	0.47962	0.48562	101.49	99.514
1.8661e-006	-0.058688	1.8654e-006	-0.059421	0.47953	0.48601	101.48	99.375
1.8662e-006	-0.058453	1.8654e-006	-0.059933	0.47886	0.48628	101.67	99.332
1.8662e-006	-0.058385	1.8654e-006	-0.058892	0.47839	0.48672	101.72	99.347
1.8662e-006	-0.059094	1.8654e-006	-0.058084	0.47845	0.4868	101.61	99.33
1.8661e-006	-0.058703	1.8654e-006	-0.058277	0.47839	0.48699	101.58	99.217
1.8661e-006	-0.058274	1.8654e-006	-0.058778	0.47814	0.48696	101.62	99.274
1.8662e-006	-0.058699	1.8653e-006	-0.058825	0.47793	0.48662	101.64	99.416
1.8662e-006	-0.059283	1.8653e-006	-0.058621	0.47802	0.48616	101.73	99.569
1.8662e-006	-0.059421	1.8653e-006	-0.058913	0.47792	0.48643	101.74	99.403
1.8662e-006	-0.059016	1.8653e-006	-0.059098	0.47778	0.48696	101.79	99.311
1.8662e-006	-0.058879	1.8653e-006	-0.059059	0.47787	0.48675	101.69	99.282
1.8663e-006	-0.058656	1.8653e-006	-0.058466	0.47809	0.48711	101.48	99.201
1.8663e-006	-0.059089	1.8653e-006	-0.05851	0.47853	0.48769	101.39	99.108
1.8663e-006	-0.059236	1.8653e-006	-0.058653	0.47876	0.4877	101.42	99.097
1.8663e-006	-0.059717	1.8653e-006	-0.057621	0.47833	0.48727	101.57	99.058
1.8662e-006	-0.059315	1.8653e-006	-0.057515	0.47796	0.48756	101.75	99.02
1.8663e-006	-0.058515	1.8653e-006	-0.058039	0.47787	0.48811	101.84	98.857
1.8663e-006	-0.058527	1.8653e-006	-0.058012	0.47746	0.48835	101.86	98.834
1.8663e-006	-0.058576	1.8652e-006	-0.058219	0.47713	0.48808	101.9	98.829
1.8663e-006	-0.058999	1.8652e-006	-0.058625	0.47733	0.48789	101.83	98.737
1.8663e-006	-0.059673	1.8653e-006	-0.058764	0.47741	0.48832	101.72	98.617
1.8663e-006	-0.059288	1.8652e-006	-0.058862	0.47725	0.48795	101.62	98.894
1.8663e-006	-0.058409	1.8652e-006	-0.058123	0.47717	0.48776	101.6	98.939
1.8663e-006	-0.058446	1.8651e-006	-0.05796	0.47726	0.48836	101.71	98.817
1.8664e-006	-0.059159	1.8652e-006	-0.057652	0.47639	0.48845	101.76	98.793
1.8664e-006	-0.059679	1.8652e-006	-0.058514	0.47613	0.48851	101.75	98.749
1.8664e-006	-0.059098	1.8652e-006	-0.058781	0.47618	0.4884	101.74	98.66
1.8664e-006	-0.059832	1.8652e-006	-0.058435	0.47647	0.48841	101.73	98.657
1.8664e-006	-0.059994	1.8651e-006	-0.058156	0.47681	0.48862	101.64	98.665
1.8664e-006	-0.05869	1.8651e-006	-0.05819	0.4772	0.48851	101.54	98.758
1.8664e-006	-0.058675	1.8651e-006	-0.058256	0.47726	0.48831	101.47	98.711
1.8664e-006	-0.0587	1.8651e-006	-0.057857	0.47724	0.48832	101.39	98.627
1.8664e-006	-0.058509	1.8651e-006	-0.057238	0.47731	0.48877	101.39	98.646
1.8664e-006	-0.059643	1.865e-006	-0.057723	0.47697	0.48893	101.49	98.472
1.8664e-006	-0.059771	1.865e-006	-0.058296	0.47656	0.48922	101.58	98.278
1.8665e-006	-0.059451	1.8651e-006	-0.058734	0.47626	0.48956	101.82	98.353
1.8665e-006	-0.058426	1.8651e-006	-0.059116	0.47579	0.48988	101.89	98.387
1.8664e-006	-0.057704	1.8651e-006	-0.059633	0.47578	0.48997	101.82	98.336
1.8664e-006	-0.058184	1.8651e-006	-0.060523	0.47595	0.49018	101.86	98.193
1.8664e-006	-0.059017	1.8651e-006	-0.060898	0.47592	0.49023	101.75	98.169
1.8665e-006	-0.05844	1.8651e-006	-0.059845	0.47609	0.49004	101.43	98.217
1.8665e-006	-0.058929	1.8651e-006	-0.058994	0.4762	0.49001	101.34	98.109
1.8665e-006	-0.059109	1.8651e-006	-0.058579	0.47624	0.48991	101.27	98.136
1.8665e-006	-0.059012	1.8651e-006	-0.057667	0.47594	0.4898	101.13	98.076
1.8665e-006	-0.059185	1.8651e-006	-0.057453	0.47553	0.48967	101.14	98.001
1.8665e-006	-0.058907	1.865e-006	-0.057323	0.47569	0.48982	101.31	98.073
1.8666e-006	-0.057874	1.865e-006	-0.058445	0.47559	0.49023	101.4	98.023
1.8666e-006	-0.05846	1.865e-006	-0.058247	0.4755	0.49021	101.45	97.91
1.8666e-006	-0.059502	1.865e-006	-0.058581	0.47511	0.49009	101.49	97.823
1.8665e-006	-0.059437	1.865e-006	-0.058849	0.47534	0.49067	101.36	97.774
1.8665e-006	-0.059017	1.865e-006	-0.058126	0.47519	0.49078	101.45	97.774
1.8666e-006	-0.059057	1.8649e-006	-0.057948	0.47516	0.49082	101.46	97.598
1.8666e-006	-0.059246	1.8649e-006	-0.05782	0.47503	0.49103	101.44	97.441
1.8666e-006	-0.059245	1.8649e-006	-0.058528	0.47519	0.49099	101.37	97.457
1.8666e-006	-0.059154	1.8649e-006	-0.058386	0.47545	0.49081	101.2	97.579
1.8666e-006	-0.058861	1.8649e-006	-0.058446	0.47569	0.49084	101.21	97.459
1.8666e-006	-0.059127	1.8649e-006	-0.058731	0.4757	0.49102	101.27	97.333
1.8666e-006	-0.058456	1.8649e-006	-0.058729	0.47589	0.49154	100.96	97.07
1.8667e-006	-0.05829	1.8649e-006	-0.057563	0.47609	0.49214	100.81	96.899
1.8667e-006	-0.05911	1.8649e-006	-0.058355	0.47578	0.49219	100.89	97.008
1.8667e-006	-0.058502	1.8649e-006	-0.05794	0.47566	0.49178	101.09	97.25
1.8666e-006	-0.057688	1.8649e-006	-0.057271	0.47512	0.49181	101.17	97.235
1.8666e-006	-0.057687	1.8649e-006	-0.056807	0.47478	0.49177	101.22	97.197
1.8666e-006	-0.058825	1.8649e-006	-0.057012	0.47431	0.49194	101.28	96.987
1.8667e-006	-0.059868	1.8649e-006	-0.058224	0.47438	0.49221	101.32	96.949
1.8667e-006	-0.05986	1.8648e-006	-0.057301	0.47406	0.49229	101.31	97.144
1.8667e-006	-0.059782	1.8648e-006	-0.057303	0.47412	0.49184	101.22	97.206
1.8667e-006	-0.059835	1.8648e-006	-0.056319	0.47397	0.49161	101.11	97.213
1.8667e-006	-0.060065	1.8648e-006	-0.056579	0.47432	0.49151	101.1	97.309
1.8668e-006	-0.059893	1.8648e-006	-0.057644	0.47483	0.49149	100.88	97.293
1.8668e-006	-0.059788	1.8648e-006	-0.057694	0.47552	0.49161	100.61	97.271
1.8668e-006	-0.059514	1.8648e-006	-0.05743	0.47558	0.49196	100.39	97.098
1.8668e-006	-0.058968	1.8647e-006	-0.0578	0.47537	0.49208	100.47	97.017
1.8668e-006	-0.058833	1.8647e-006	-0.057183	0.47539	0.49209	100.59	97.013
1.8668e-006	-0.058556	1.8648e-006	-0.057409	0.47546	0.49235	100.29	97.016
1.8668e-006	-0.058531	1.8648e-006	-0.056739	0.47496	0.49214	100.23	97.071
1.8668e-006	-0.05868	1.8647e-006	-0.057609	0.47481	0.49242	100.34	96.775
1.8668e-006	-0.059041	1.8647e-006	-0.057887	0.4746	0.49284	100.41	96.654
1.8668e-006	-0.059505	1.8647e-006	-0.058247	0.47461	0.49273	100.46	96.722
1.8668e-006	-0.059353	1.8647e-006	-0.05852	0.4745	0.49282	100.5	96.653
1.8669e-006	-0.057894	1.8647e-006	-0.058589	0.47396	0.49298	100.68	96.475
1.8669e-006	-0.057744	1.8647e-006	-0.057567	0.47384	0.49364	100.78	96.125
1.8669e-006	-0.057701	1.8647e-006	-0.057144	0.47401	0.49441	100.75	95.741
1.8669e-006	-0.057845	1.8647e-006	-0.057559	0.47395	0.49449	100.97	95.87
1.8669e-006	-0.058572	1.8647e-006	-0.058352	0.47378	0.49418	101.2	96.065
1.8669e-006	-0.059121	1.8647e-006	-0.058644	0.4735	0.49428	101.28	96.067
1.8669e-006	-0.058947	1.8647e-006	-0.058415	0.4729	0.49454	101.23	95.979
1.8669e-006	-0.059305	1.8647e-006	-0.058114	0.4729	0.4946	101.15	95.901
1.8669e-006	-0.059533	1.8646e-006	-0.057991	0.47315	0.49467	101.07	95.683
1.867e-006	-0.058507	1.8646e-006	-0.057898	0.47337	0.49458	100.89	95.787
1.867e-006	-0.057871	1.8645e-006	-0.057548	0.47326	0.49473	100.88	95.675
1.867e-006	-0.057964	1.8645e-006	-0.058421	0.47312	0.49476	100.93	95.579
1.867e-006	-0.057883	1.8646e-006	-0.058094	0.47325	0.49553	100.91	95.154
1.867e-006	-0.058147	1.8646e-006	-0.057037	0.47337	0.49611	100.84	94.812
1.867e-006	-0.058979	1.8646e-006	-0.057492	0.47342	0.49617	100.68	94.9
1.867e-006	-0.059588	1.8646e-006	-0.058023	0.47344	0.49642	100.39	94.695
1.867e-006	-0.059025	1.8645e-006	-0.05652	0.4738	0.49649	99.954	94.88
1.867e-006	-0.057915	1.8646e-006	-0.056633	0.47431	0.49589	99.303	95.054
1.867e-006	-0.058236	1.8646e-006	-0.057671	0.47497	0.49581	98.93	95.086
1.867e-006	-0.058441	1.8645e-006	-0.057887	0.47487	0.49596	98.962	94.769
1.867e-006	-0.05842	1.8645e-006	-0.058495	0.47425	0.49625	99.077	94.77
1.867e-006	-0.058265	1.8644e-006	-0.059119	0.47444	0.49639	99.079	94.627
1.867e-006	-0.058391	1.8644e-006	-0.05863	0.47465	0.49732	99.21	94.02
1.8671e-006	-0.05796	1.8645e-006	-0.058954	0.47471	0.49768	99.299	94.17
1.8671e-006	-0.057962	1.8645e-006	-0.058551	0.47442	0.49755	99.348	94.496
1.8671e-006	-0.058669	1.8645e-006	-0.057621	0.47437	0.49731	99.37	94.392
1.8671e-006	-0.05826	1.8644e-006	-0.057172	0.47494	0.49714	99.253	94.363
1.8671e-006	-0.057565	1.8644e-006	-0.056465	0.4751	0.4967	98.918	94.411
1.8672e-006	-0.057977	1.8644e-006	-0.05668	0.47513	0.49626	98.658	94.68
1.8672e-006	-0.057719	1.8644e-006	-0.057933	0.47523	0.49616	98.582	94.606
1.8673e-006	-0.05789	1.8644e-006	-0.058361	0.47574	0.49703	98.273	94.32
1.8673e-006	-0.0577	1.8644e-006	-0.058471	0.47589	0.49731	97.993	94.213
1.8672e-006	-0.057563	1.8644e-006	-0.057674	0.47593	0.49772	97.965	94.002
1.8672e-006	-0.0578	1.8644e-006	-0.05796	0.47569	0.49811	98.069	93.858
1.8671e-006	-0.057244	1.8644e-006	-0.058261	0.47569	0.49812	98.125	93.653
1.8671e-006	-0.058042	1.8644e-006	-0.05854	0.4754	0.49887	98.235	93.184
1.8672e-006	-0.058732	1.8643e-006	-0.058558	0.47533	0.49927	98.208	93.046
1.8672e-006	-0.058326	1.8643e-006	-0.059187	0.47569	0.49945	98.031	93.097
1.8672e-006	-0.057972	1.8643e-006	-0.059699	0.4755	0.49909	97.976	93.122
1.8672e-006	-0.058515	1.8643e-006	-0.058471	0.47504	0.49858	98.005	93.426
1.8672e-006	-0.057992	1.8643e-006	-0.057663	0.47487	0.49872	98.003	93.232
1.8672e-006	-0.058132	1.8643e-006	-0.058329	0.47457	0.49895	98.072	93.349
1.8672e-006	-0.058356	1.8643e-006	-0.058872	0.4745	0.49899	98.133	93.167
1.8672e-006	-0.058613	1.8643e-006	-0.058353	0.47448	0.49914	98.322	93.195
1.8673e-006	-0.057993	1.8642e-006	-0.057609	0.47401	0.49945	98.6	93.135
1.8673e-006	-0.058582	1.8642e-006	-0.057564	0.47328	0.49902	99.088	93.167
1.8673e-006	-0.058422	1.8642e-006	-0.057699	0.47267	0.49894	99.192	93.069
1.8673e-006	-0.058038	1.8642e-006	-0.058215	0.47246	0.49931	99.381	92.602
1.8673e-006	-0.057929	1.8642e-006	-0.0579	0.47219	0.50011	99.361	92.118
1.8674e-006	-0.057875	1.8643e-006	-0.058178	0.47208	0.50078	99.393	91.926
1.8674e-006	-0.057505	1.8643e-006	-0.058062	0.47228	0.50103	99.277	92.006
1.8674e-006	-0.056933	1.8642e-006	-0.058135	0.47238	0.50103	99.068	91.988
1.8674e-006	-0.057768	1.8642e-006	-0.057867	0.47282	0.50104	98.697	91.934
1.8673e-006	-0.058404	1.8642e-006	-0.057874	0.47329	0.50107	98.402	91.92
1.8673e-006	-0.058413	1.8642e-006	-0.057992	0.47384	0.50104	98.064	91.876
1.8674e-006	-0.059223	1.8642e-006	-0.057586	0.47321	0.5012	97.858	91.808
1.8674e-006	-0.058418	1.8642e-006	-0.057424	0.47301	0.50096	97.644	91.845
1.8674e-006	-0.058045	1.8642e-006	-0.057926	0.47321	0.50088	97.636	91.804
1.8674e-006	-0.058682	1.8641e-006	-0.057195	0.47294	0.50122	97.639	91.622
1.8674e-006	-0.058376	1.8641e-006	-0.057224	0.47269	0.50151	97.49	91.724
1.8674e-006	-0.058111	1.8641e-006	-0.056925	0.47256	0.5014	97.47	91.777
1.8674e-006	-0.058281	1.8641e-006	-0.056464	0.47262	0.50155	97.461	91.554
1.8674e-006	-0.05846	1.8641e-006	-0.057173	0.47279	0.50179	97.472	91.349
1.8675e-006	-0.057501	1.8641e-006	-0.058067	0.47257	0.50162	97.49	91.388
1.8675e-006	-0.057628	1.8641e-006	-0.057503	0.47248	0.50153	97.238	91.392
1.8675e-006	-0.058126	1.8641e-006	-0.057935	0.47245	0.50172	97.129	91.437
1.8675e-006	-0.058971	1.864e-006	-0.05826	0.47242	0.50167	96.857	91.628
1.8675e-006	-0.05857	1.864e-006	-0.058067	0.47255	0.50189	96.861	91.451
1.8675e-006	-0.057476	1.864e-006	-0.057395	0.47259	0.50195	96.936	91.267
1.8675e-006	-0.057305	1.864e-006	-0.057815	0.47212	0.50175	96.875	91.293
1.8675e-006	-0.057229	1.864e-006	-0.057519	0.47205	0.50196	96.855	91.331
1.8675e-006	-0.05712	1.864e-006	-0.057661	0.47203	0.50143	96.498	91.509
1.8675e-006	-0.057081	1.864e-006	-0.057808	0.47264	0.50161	96.232	91.398
1.8676e-006	-0.057341	1.864e-006	-0.058096	0.47281	0.502	96.233	91.196
1.8675e-006	-0.057251	1.864e-006	-0.058056	0.47249	0.50224	96.421	91.045
1.8675e-006	-0.057172	1.8639e-006	-0.058072	0.47233	0.50223	96.507	91.064
1.8675e-006	-0.057046	1.864e-006	-0.05783	0.47204	0.50211	96.576	91.044
1.8675e-006	-0.057093	1.864e-006	-0.05836	0.47173	0.50234	96.816	91.006
1.8675e-006	-0.057402	1.864e-006	-0.058137	0.47105	0.50242	97.012	90.934
1.8676e-006	-0.058178	1.864e-006	-0.058333	0.47085	0.50272	97.168	90.918
1.8676e-006	-0.058819	1.8639e-006	-0.058242	0.47092	0.50271	97.164	90.936
1.8676e-006	-0.059123	1.8639e-006	-0.058409	0.471	0.5027	97.032	90.916
1.8676e-006	-0.059063	1.8639e-006	-0.058322	0.471	0.50279	97.164	90.889
1.8676e-006	-0.058039	1.8639e-006	-0.058643	0.47124	0.50231	97.075	90.847
1.8676e-006	-0.058647	1.864e-006	-0.058892	0.47166	0.5024	96.829	90.853
1.8676e-006	-0.05825	1.8639e-006	-0.059007	0.47158	0.50228	96.525	90.85
1.8677e-006	-0.057831	1.8639e-006	-0.058982	0.47148	0.50215	96.663	90.829
1.8677e-006	-0.058384	1.8638e-006	-0.058886	0.4713	0.50243	96.831	90.797
1.8677e-006	-0.059459	1.8638e-006	-0.059189	0.47118	0.50249	97.134	90.769
1.8677e-006	-0.058678	1.8639e-006	-0.058974	0.47095	0.5025	97.261	90.744
1.8677e-006	-0.059936	1.8639e-006	-0.05955	0.4709	0.50268	97.303	90.744
1.8677e-006	-0.0596	1.8638e-006	-0.059637	0.47053	0.50257	97.367	90.759
1.8677e-006	-0.059295	1.8638e-006	-0.058916	0.47042	0.50274	97.121	90.775
1.8677e-006	-0.059871	1.8638e-006	-0.057925	0.47069	0.50275	96.775	90.785
1.8677e-006	-0.059562	1.8638e-006	-0.057579	0.47053	0.50259	96.64	90.766
1.8677e-006	-0.059175	1.8639e-006	-0.058044	0.47075	0.50234	96.474	90.774
1.8677e-006	-0.058404	1.8639e-006	-0.058961	0.47103	0.5025	96.167	90.757
1.8677e-006	-0.058408	1.8639e-006	-0.05901	0.47085	0.50263	95.844	90.747
1.8677e-006	-0.058931	1.8638e-006	-0.058837	0.47102	0.50261	96.05	90.76
1.8677e-006	-0.059135	1.8638e-006	-0.058936	0.47092	0.50238	96.283	90.757
1.8677e-006	-0.058391	1.8637e-006	-0.059178	0.47045	0.50256	96.674	90.769
1.8678e-006	-0.058495	1.8637e-006	-0.059667	0.47013	0.50252	96.858	90.752
1.8678e-006	-0.058298	1.8637e-006	-0.060362	0.46998	0.50283	96.639	90.74
1.8678e-006	-0.058748	1.8637e-006	-0.060197	0.47012	0.50276	96.586	90.746
1.8678e-006	-0.058622	1.8637e-006	-0.058863	0.47032	0.50255	96.749	90.74
1.8678e-006	-0.058253	1.8637e-006	-0.057553	0.4699	0.5024	96.641	90.749
1.8678e-006	-0.058007	1.8637e-006	-0.057671	0.4698	0.50254	96.687	90.753
1.8678e-006	-0.058194	1.8637e-006	-0.05767	0.4698	0.50272	96.847	90.723
1.8679e-006	-0.058999	1.8637e-006	-0.057038	0.46914	0.50265	96.781	90.745
1.8678e-006	-0.058876	1.8636e-006	-0.056485	0.46959	0.50237	96.285	90.754
1.8678e-006	-0.059303	1.8636e-006	-0.056245	0.47006	0.50229	95.849	90.791
1.8678e-006	-0.059627	1.8636e-006	-0.057257	0.47035	0.5023	95.571	90.799
1.8678e-006	-0.058283	1.8636e-006	-0.057782	0.46994	0.50214	95.762	90.789
1.8678e-006	-0.058021	1.8636e-006	-0.057079	0.4693	0.50216	95.948	90.75
1.8678e-006	-0.058011	1.8636e-006	-0.056974	0.46909	0.50221	95.863	90.713
1.8679e-006	-0.05794	1.8636e-006	-0.057452	0.46958	0.50227	95.451	90.75
1.8679e-006	-0.057558	1.8636e-006	-0.058025	0.46931	0.50227	94.999	90.758
1.8679e-006	-0.058107	1.8636e-006	-0.058191	0.46894	0.5021	94.895	90.751
1.8679e-006	-0.058042	1.8636e-006	-0.058719	0.46899	0.50248	95.208	90.741
1.8679e-006	-0.058087	1.8636e-006	-0.058485	0.46883	0.50231	95.388	90.727
1.8679e-006	-0.058149	1.8636e-006	-0.058502	0.46857	0.50226	95.441	90.703
1.868e-006	-0.058926	1.8636e-006	-0.0583	0.46842	0.50218	95.547	90.684
1.8679e-006	-0.058587	1.8636e-006	-0.058488	0.46823	0.50197	95.75	90.71
1.8679e-006	-0.058176	1.8636e-006	-0.058577	0.46872	0.50214	95.759	90.738
1.868e-006	-0.058522	1.8636e-006	-0.058554	0.46851	0.5024	95.433	90.757
1.868e-006	-0.059069	1.8636e-006	-0.058877	0.46858	0.50244	95.016	90.755
1.8681e-006	-0.058669	1.8635e-006	-0.059771	0.46899	0.50211	94.607	90.748
1.868e-006	-0.058979	1.8635e-006	-0.059473	0.46915	0.50205	94.481	90.758
1.868e-006	-0.058775	1.8635e-006	-0.059285	0.46974	0.50246	94.597	90.782
1.868e-006	-0.058827	1.8635e-006	-0.059417	0.4694	0.50254	94.565	90.766
1.868e-006	-0.058096	1.8635e-006	-0.05944	0.4694	0.50233	94.715	90.73
1.868e-006	-0.058326	1.8634e-006	-0.059214	0.46893	0.50271	94.869	90.717
1.8681e-006	-0.059319	1.8634e-006	-0.059806	0.46838	0.50295	94.811	90.694
1.8681e-006	-0.059355	1.8634e-006	-0.059753	0.46795	0.50298	94.801	90.711
1.8681e-006	-0.058638	1.8634e-006	-0.059513	0.46852	0.50239	95.034	90.732
1.8681e-006	-0.058438	1.8634e-006	-0.059376	0.46846	0.50222	95.234	90.718
1.8681e-006	-0.058948	1.8634e-006	-0.057746	0.46809	0.50246	95.103	90.693
1.8681e-006	-0.059278	1.8634e-006	-0.05824	0.46792	0.50223	94.606	90.683
1.8681e-006	-0.059563	1.8634e-006	-0.058486	0.46826	0.5023	94.181	90.722
1.8681e-006	-0.059784	1.8634e-006	-0.0573	0.46876	0.50243	93.661	90.724
1.8681e-006	-0.059034	1.8634e-006	-0.057389	0.46852	0.5026	93.717	90.678
1.8681e-006	-0.058258	1.8634e-006	-0.057112	0.4687	0.50271	94.094	90.695
1.8681e-006	-0.058076	1.8634e-006	-0.057187	0.46897	0.50255	94.019	90.715
1.8681e-006	-0.058376	1.8634e-006	-0.057357	0.46928	0.5026	93.943	90.736
1.8681e-006	-0.058486	1.8634e-006	-0.057596	0.4688	0.50239	93.569	90.767
1.8681e-006	-0.058266	1.8634e-006	-0.058218	0.46865	0.5023	93.544	90.751
1.8681e-006	-0.058286	1.8634e-006	-0.058028	0.46865	0.50253	93.471	90.706
1.8682e-006	-0.058551	1.8634e-006	-0.057417	0.46851	0.50248	93.544	90.658
1.8682e-006	-0.058411	1.8633e-006	-0.057342	0.46836	0.50248	93.672	90.677
1.8683e-006	-0.058099	1.8633e-006	-0.057333	0.46889	0.50264	93.735	90.674
1.8683e-006	-0.058117	1.8633e-006	-0.056697	0.46842	0.50276	93.645	90.723
1.8683e-006	-0.058583	1.8633e-006	-0.056926	0.46766	0.50288	93.857	90.714
1.8682e-006	-0.058366	1.8633e-006	-0.057733	0.46789	0.50275	93.941	90.707
1.8682e-006	-0.058179	1.8633e-006	-0.057623	0.4684	0.50239	93.249	90.708
1.8682e-006	-0.05874	1.8633e-006	-0.058076	0.46852	0.50221	93.037	90.681
1.8683e-006	-0.058221	1.8633e-006	-0.058458	0.46817	0.50245	93.443	90.677
1.8683e-006	-0.058864	1.8633e-006	-0.057496	0.46787	0.50244	93.444	90.701
1.8683e-006	-0.059525	1.8633e-006	-0.056753	0.46769	0.5027	93.374	90.737
1.8683e-006	-0.06011	1.8633e-006	-0.057011	0.46728	0.5026	93.304	90.751
1.8683e-006	-0.060258	1.8632e-006	-0.057287	0.46713	0.50276	93.288	90.721
1.8683e-006	-0.059937	1.8632e-006	-0.057595	0.46736	0.50253	92.874	90.725
1.8683e-006	-0.0604	1.8632e-006	-0.056653	0.46724	0.50253	92.518	90.706
1.8683e-006	-0.06058	1.8632e-006	-0.056742	0.46756	0.5024	92.571	90.708
1.8683e-006	-0.059742	1.8632e-006	-0.056407	0.46733	0.50242	92.758	90.721
1.8684e-006	-0.05942	1.8632e-006	-0.056456	0.46689	0.50241	92.895	90.742
1.8684e-006	-0.05895	1.8632e-006	-0.056709	0.46689	0.50243	93.027	90.711
1.8684e-006	-0.058872	1.8631e-006	-0.057393	0.46657	0.50261	92.92	90.71
1.8684e-006	-0.059083	1.8631e-006	-0.058498	0.46637	0.50264	92.766	90.728
1.8684e-006	-0.058762	1.8631e-006	-0.058064	0.46666	0.5023	92.921	90.766
1.8684e-006	-0.058937	1.8631e-006	-0.058422	0.4661	0.50235	92.851	90.764
1.8684e-006	-0.059075	1.8631e-006	-0.057763	0.46587	0.50274	92.931	90.706
1.8684e-006	-0.059273	1.8631e-006	-0.058798	0.46579	0.50258	92.674	90.705
1.8684e-006	-0.058928	1.8631e-006	-0.058979	0.46587	0.50236	92.397	90.712
1.8684e-006	-0.058335	1.8631e-006	-0.058899	0.46592	0.50234	92.412	90.721
1.8684e-006	-0.059208	1.8631e-006	-0.059004	0.4653	0.50246	92.194	90.742
1.8684e-006	-0.05952	1.8631e-006	-0.059201	0.4651	0.50243	92.001	90.731
1.8684e-006	-0.059429	1.8631e-006	-0.060093	0.4654	0.50253	91.648	90.73
1.8684e-006	-0.060206	1.8631e-006	-0.059472	0.46529	0.50267	91.722	90.768
1.8685e-006	-0.060219	1.8631e-006	-0.058976	0.46518	0.50257	91.504	90.742
1.8685e-006	-0.060037	1.8631e-006	-0.05873	0.46536	0.50238	91.381	90.712
1.8685e-006	-0.0595	1.863e-006	-0.059366	0.46576	0.50216	91.284	90.686
1.8685e-006	-0.059482	1.863e-006	-0.05996	0.46599	0.50221	91.117	90.659
1.8685e-006	-0.059377	1.8629e-006	-0.059837	0.46612	0.50251	90.938	90.66
1.8685e-006	-0.058644	1.8629e-006	-0.059879	0.4661	0.50256	90.692	90.65
1.8685e-006	-0.059234	1.863e-006	-0.060018	0.46618	0.50244	90.345	90.692
1.8685e-006	-0.059344	1.863e-006	-0.060176	0.46544	0.50259	90.551	90.691
1.8685e-006	-0.058954	1.8629e-006	-0.06008	0.46472	0.50258	90.756	90.696
1.8685e-006	-0.058912	1.8629e-006	-0.059856	0.46436	0.50248	90.907	90.69
1.8685e-006	-0.059222	1.8629e-006	-0.059692	0.46442	0.50247	90.955	90.7
1.8685e-006	-0.059683	1.8629e-006	-0.059143	0.46408	0.50237	91.022	90.726
1.8686e-006	-0.059882	1.8629e-006	-0.058997	0.46351	0.50229	91.055	90.711
1.8686e-006	-0.059261	1.8629e-006	-0.059147	0.46332	0.50228	91.059	90.716
1.8686e-006	-0.058835	1.8629e-006	-0.060013	0.46332	0.50235	91.083	90.674
1.8686e-006	-0.059093	1.8629e-006	-0.059713	0.46356	0.50254	91.296	90.683
1.8686e-006	-0.058967	1.8629e-006	-0.059036	0.46399	0.50251	91.188	90.674
1.8686e-006	-0.058748	1.8628e-006	-0.058802	0.46417	0.50252	90.787	90.686
1.8686e-006	-0.058223	1.8629e-006	-0.058112	0.46405	0.50259	90.242	90.701
1.8686e-006	-0.058956	1.8629e-006	-0.0582	0.46434	0.50246	90.394	90.689
1.8686e-006	-0.059364	1.8629e-006	-0.057826	0.46397	0.50268	90.486	90.685
1.8686e-006	-0.059153	1.8629e-006	-0.058082	0.46414	0.50271	90.485	90.671
1.8687e-006	-0.058876	1.8629e-006	-0.057505	0.46464	0.50277	90.035	90.67
1.8687e-006	-0.058798	1.8629e-006	-0.057371	0.46467	0.50257	89.734	90.681
1.8687e-006	-0.058632	1.8629e-006	-0.057032	0.46435	0.50232	89.435	90.671
1.8687e-006	-0.058546	1.8628e-006	-0.057625	0.46382	0.50264	89.375	90.694
1.8687e-006	-0.05777	1.8628e-006	-0.057441	0.4637	0.50263	89.385	90.71
1.8687e-006	-0.05723	1.8628e-006	-0.057862	0.46363	0.5025	89.035	90.71
1.8687e-006	-0.057867	1.8628e-006	-0.058222	0.46332	0.50253	89.184	90.717
1.8687e-006	-0.058494	1.8628e-006	-0.058918	0.46334	0.50251	89.394	90.722
1.8688e-006	-0.058671	1.8628e-006	-0.05941	0.46346	0.50252	89.534	90.698
1.8688e-006	-0.058372	1.8628e-006	-0.0597	0.46284	0.5025	89.788	90.708
1.8688e-006	-0.058224	1.8628e-006	-0.059905	0.46238	0.50237	89.626	90.652
1.8688e-006	-0.058134	1.8627e-006	-0.059999	0.46275	0.50235	89.272	90.663
1.8688e-006	-0.058135	1.8627e-006	-0.059587	0.46315	0.5026	89.04	90.667
1.8688e-006	-0.058348	1.8627e-006	-0.059198	0.46328	0.5027	88.883	90.689
1.8688e-006	-0.058937	1.8627e-006	-0.05892	0.46257	0.50264	88.835	90.683
1.8688e-006	-0.0598	1.8627e-006	-0.059136	0.46201	0.50266	88.766	90.669
1.8688e-006	-0.060233	1.8627e-006	-0.058588	0.46192	0.50271	88.868	90.641
1.8688e-006	-0.059596	1.8627e-006	-0.058696	0.46177	0.50217	88.832	90.674
1.8688e-006	-0.059994	1.8627e-006	-0.059227	0.46207	0.5023	88.587	90.662
1.8689e-006	-0.060453	1.8627e-006	-0.059123	0.462	0.50255	88.564	90.674
1.8689e-006	-0.059621	1.8627e-006	-0.059181	0.4617	0.50278	88.668	90.696
1.8689e-006	-0.059601	1.8626e-006	-0.059065	0.46169	0.50253	88.421	90.699
1.8689e-006	-0.058801	1.8626e-006	-0.059432	0.46158	0.50254	88.077	90.71
1.8689e-006	-0.059074	1.8627e-006	-0.058835	0.46137	0.50268	87.972	90.69
1.8689e-006	-0.059811	1.8627e-006	-0.058801	0.46181	0.50276	87.981	90.631
1.8689e-006	-0.059708	1.8626e-006	-0.057907	0.46187	0.50269	87.788	90.664
1.8689e-006	-0.058924	1.8626e-006	-0.057461	0.46147	0.50268	87.95	90.683
1.8689e-006	-0.05916	1.8626e-006	-0.057353	0.46179	0.50258	87.857	90.65
1.8689e-006	-0.058563	1.8626e-006	-0.058074	0.4619	0.50249	87.802	90.682
1.869e-006	-0.059224	1.8626e-006	-0.058242	0.46138	0.50254	87.711	90.687
1.869e-006	-0.059326	1.8626e-006	-0.057886	0.4609	0.5025	87.546	90.691
1.869e-006	-0.058515	1.8626e-006	-0.056491	0.46037	0.50262	87.653	90.67
1.869e-006	-0.058224	1.8626e-006	-0.056714	0.46001	0.5026	87.885	90.66
1.869e-006	-0.058318	1.8626e-006	-0.057507	0.45958	0.50264	87.742	90.689
1.869e-006	-0.058796	1.8626e-006	-0.058116	0.45958	0.50239	87.923	90.686
1.869e-006	-0.05854	1.8626e-006	-0.057422	0.45999	0.50236	87.907	90.697
1.869e-006	-0.058303	1.8625e-006	-0.057369	0.4605	0.50226	87.722	90.708
1.869e-006	-0.059551	1.8626e-006	-0.058169	0.46075	0.50222	86.988	90.68
1.869e-006	-0.060554	1.8626e-006	-0.057818	0.46002	0.50231	86.722	90.655
1.869e-006	-0.060153	1.8625e-006	-0.057683	0.45991	0.50235	86.801	90.691
1.869e-006	-0.059355	1.8625e-006	-0.057514	0.45985	0.50244	87.216	90.712
1.869e-006	-0.059288	1.8625e-006	-0.058398	0.45995	0.50264	87.764	90.715
1.869e-006	-0.058485	1.8625e-006	-0.058105	0.45955	0.50263	87.915	90.661
1.869e-006	-0.057819	1.8625e-006	-0.058328	0.45936	0.50251	87.585	90.68
1.8691e-006	-0.057447	1.8625e-006	-0.057821	0.45903	0.50237	87.643	90.683
1.8691e-006	-0.057561	1.8624e-006	-0.056307	0.4594	0.5024	87.519	90.686
1.8691e-006	-0.058088	1.8624e-006	-0.056161	0.45937	0.50278	87.45	90.657
1.8691e-006	-0.057676	1.8624e-006	-0.057616	0.45947	0.50275	87.457	90.674
1.8691e-006	-0.058364	1.8624e-006	-0.058544	0.45955	0.50274	87.082	90.671
1.8691e-006	-0.05814	1.8624e-006	-0.058386	0.45921	0.50274	86.796	90.66
1.8691e-006	-0.056918	1.8624e-006	-0.057911	0.45892	0.50268	86.594	90.664
1.8692e-006	-0.056704	1.8624e-006	-0.058553	0.45845	0.50238	86.396	90.644
1.8692e-006	-0.057354	1.8624e-006	-0.058053	0.45817	0.50256	86.414	90.673
1.8692e-006	-0.057454	1.8624e-006	-0.057533	0.45751	0.50257	86.473	90.695
1.8692e-006	-0.057745	1.8624e-006	-0.057833	0.45713	0.5028	86.813	90.695
1.8692e-006	-0.057747	1.8624e-006	-0.057814	0.45697	0.50271	86.999	90.716
1.8692e-006	-0.057251	1.8624e-006	-0.057017	0.45651	0.50289	86.875	90.721
1.8692e-006	-0.058478	1.8623e-006	-0.056789	0.4566	0.5029	86.914	90.707
1.8692e-006	-0.05957	1.8623e-006	-0.057651	0.45641	0.50257	86.864	90.706
1.8692e-006	-0.058403	1.8624e-006	-0.057841	0.45685	0.5027	86.936	90.694
1.8692e-006	-0.058326	1.8623e-006	-0.058119	0.45735	0.50268	86.891	90.664
1.8693e-006	-0.058529	1.8623e-006	-0.058291	0.45677	0.50251	86.557	90.681
1.8693e-006	-0.058738	1.8623e-006	-0.057498	0.45647	0.50291	86.396	90.681
1.8693e-006	-0.05798	1.8623e-006	-0.057238	0.45688	0.50263	86.558	90.682
1.8693e-006	-0.057932	1.8622e-006	-0.058267	0.4567	0.50245	86.342	90.696
1.8693e-006	-0.058173	1.8622e-006	-0.058296	0.4564	0.50236	85.922	90.685
1.8693e-006	-0.057048	1.8622e-006	-0.058991	0.45658	0.50229	85.795	90.692
1.8693e-006	-0.056516	1.8622e-006	-0.059034	0.45703	0.50273	85.621	90.697
1.8693e-006	-0.057041	1.8622e-006	-0.059921	0.45669	0.5028	85.485	90.677
1.8693e-006	-0.057288	1.8622e-006	-0.059514	0.45605	0.50263	85.291	90.652
1.8693e-006	-0.058006	1.8622e-006	-0.05952	0.45593	0.50255	84.952	90.674
1.8694e-006	-0.058911	1.8622e-006	-0.05972	0.45619	0.50267	84.757	90.658
1.8694e-006	-0.058842	1.8622e-006	-0.059053	0.45625	0.50257	85.05	90.686
1.8694e-006	-0.058913	1.8622e-006	-0.058764	0.45643	0.50235	85.003	90.689
1.8694e-006	-0.058731	1.8622e-006	-0.058479	0.45642	0.50266	84.692	90.697
1.8694e-006	-0.058556	1.8622e-006	-0.058498	0.45621	0.50277	84.825	90.71
1.8694e-006	-0.058051	1.8622e-006	-0.057069	0.45555	0.50302	85.189	90.722
1.8694e-006	-0.058461	1.8622e-006	-0.057003	0.45493	0.50263	85.131	90.675
1.8694e-006	-0.058501	1.8622e-006	-0.056747	0.45502	0.50203	84.79	90.661
1.8694e-006	-0.058881	1.8622e-006	-0.056392	0.45433	0.50188	84.663	90.679
1.8694e-006	-0.059255	1.8622e-006	-0.056696	0.45387	0.50199	84.848	90.707
1.8694e-006	-0.059034	1.8622e-006	-0.056115	0.45401	0.50203	84.877	90.699
1.8694e-006	-0.059093	1.8621e-006	-0.055488	0.45389	0.50195	84.715	90.696
1.8694e-006	-0.05931	1.8621e-006	-0.055494	0.45373	0.50225	84.354	90.72
1.8695e-006	-0.059153	1.8621e-006	-0.05667	0.45391	0.50272	84.267	90.683
1.8695e-006	-0.059444	1.8621e-006	-0.057068	0.45409	0.5029	84.323	90.647
1.8695e-006	-0.059351	1.8621e-006	-0.056938	0.45395	0.50276	84.269	90.652
1.8695e-006	-0.058799	1.8621e-006	-0.056938	0.45392	0.50277	84.369	90.645
1.8695e-006	-0.058212	1.8621e-006	-0.05634	0.45345	0.50251	84.548	90.639
1.8694e-006	-0.059638	1.8621e-006	-0.05641	0.45381	0.50259	84.482	90.679
1.8694e-006	-0.058702	1.862e-006	-0.056733	0.45399	0.5027	84.34	90.706
1.8695e-006	-0.058997	1.862e-006	-0.056773	0.454	0.50261	84.007	90.643
1.8695e-006	-0.058928	1.862e-006	-0.057545	0.45323	0.50261	83.864	90.629
1.8695e-006	-0.058208	1.862e-006	-0.057526	0.45282	0.50263	83.488	90.654
1.8695e-006	-0.058407	1.862e-006	-0.057328	0.45275	0.50281	83.586	90.647
1.8695e-006	-0.057752	1.862e-006	-0.057244	0.45292	0.50291	83.787	90.666
1.8696e-006	-0.057962	1.862e-006	-0.057162	0.453	0.50279	83.293	90.687
1.8696e-006	-0.058125	1.862e-006	-0.057907	0.45237	0.5025	83.043	90.686
1.8696e-006	-0.058254	1.862e-006	-0.05851	0.45181	0.50247	83.134	90.668
1.8696e-006	-0.057824	1.862e-006	-0.057937	0.45182	0.50266	83.267	90.692
1.8696e-006	-0.057536	1.862e-006	-0.057297	0.45201	0.50249	83.465	90.716
1.8696e-006	-0.058038	1.8619e-006	-0.056434	0.45224	0.50258	83.557	90.67
1.8696e-006	-0.057887	1.8619e-006	-0.055915	0.45233	0.50279	83.449	90.656
1.8696e-006	-0.057738	1.8619e-006	-0.056273	0.45201	0.50285	83.217	90.66
1.8696e-006	-0.05755	1.8619e-006	-0.056794	0.45181	0.50305	82.927	90.682
1.8696e-006	-0.057362	1.8619e-006	-0.056421	0.45158	0.50308	82.636	90.703
1.8697e-006	-0.056933	1.8619e-006	-0.057221	0.45129	0.50274	83.219	90.695
1.8697e-006	-0.057876	1.8619e-006	-0.05741	0.45147	0.50291	83.349	90.688
1.8697e-006	-0.057268	1.8619e-006	-0.057542	0.45132	0.50252	83.255	90.662
1.8697e-006	-0.05741	1.8619e-006	-0.057489	0.45128	0.50225	83.085	90.665
1.8697e-006	-0.058262	1.8619e-006	-0.057653	0.45164	0.50247	82.718	90.671
1.8697e-006	-0.05832	1.8619e-006	-0.057789	0.45126	0.50243	82.912	90.706
1.8698e-006	-0.058278	1.8618e-006	-0.058571	0.45051	0.50262	82.583	90.703
1.8698e-006	-0.058965	1.8618e-006	-0.058051	0.45017	0.50267	82.34	90.699
1.8698e-006	-0.059295	1.8618e-006	-0.057903	0.45058	0.50269	82.674	90.679
1.8697e-006	-0.058994	1.8618e-006	-0.057987	0.45048	0.50279	82.763	90.656
1.8698e-006	-0.058403	1.8618e-006	-0.057744	0.45015	0.50278	82.681	90.659
1.8698e-006	-0.059023	1.8618e-006	-0.05765	0.45006	0.50272	82.58	90.66
1.8698e-006	-0.058975	1.8618e-006	-0.058283	0.44943	0.5028	82.65	90.658
1.8698e-006	-0.059236	1.8618e-006	-0.058576	0.44898	0.50273	82.396	90.688
1.8698e-006	-0.058929	1.8618e-006	-0.05794	0.44811	0.50283	82.322	90.659
1.8699e-006	-0.058058	1.8618e-006	-0.058843	0.44847	0.50267	82.032	90.652
1.8699e-006	-0.057372	1.8618e-006	-0.059739	0.44848	0.50251	82.037	90.663
1.8698e-006	-0.056188	1.8618e-006	-0.060484	0.44844	0.50251	82.13	90.673
1.8698e-006	-0.056967	1.8618e-006	-0.060728	0.44834	0.50254	82.106	90.646
1.8698e-006	-0.057125	1.8617e-006	-0.059815	0.44783	0.50263	82.266	90.627
1.8699e-006	-0.056652	1.8617e-006	-0.059957	0.44758	0.50258	82.413	90.645
1.8699e-006	-0.056595	1.8617e-006	-0.059708	0.44747	0.50273	82.17	90.658
1.8699e-006	-0.056641	1.8617e-006	-0.059928	0.44741	0.50248	82.313	90.667
1.8699e-006	-0.056317	1.8616e-006	-0.059662	0.44717	0.50234	82.163	90.68
1.8699e-006	-0.056934	1.8616e-006	-0.058995	0.44695	0.50236	82.272	90.681
1.87e-006	-0.056128	1.8617e-006	-0.058279	0.44776	0.50242	82.087	90.668
1.8699e-006	-0.057293	1.8617e-006	-0.05854	0.44743	0.50249	81.898	90.65
1.8699e-006	-0.058013	1.8617e-006	-0.059305	0.44679	0.50233	81.679	90.666
1.87e-006	-0.057931	1.8617e-006	-0.059263	0.44624	0.50211	81.583	90.661
1.87e-006	-0.056884	1.8617e-006	-0.0594	0.44591	0.5026	81.527	90.645
1.87e-006	-0.057384	1.8617e-006	-0.058916	0.44606	0.50289	81.082	90.646
1.87e-006	-0.057615	1.8616e-006	-0.05867	0.44525	0.50309	80.994	90.651
1.87e-006	-0.057297	1.8616e-006	-0.058398	0.4456	0.50304	81.461	90.65
1.87e-006	-0.058303	1.8616e-006	-0.05831	0.44621	0.50304	81.403	90.64
1.87e-006	-0.058436	1.8616e-006	-0.058417	0.44649	0.50294	81.034	90.662
1.87e-006	-0.058539	1.8616e-006	-0.058491	0.44582	0.5026	80.969	90.691
1.87e-006	-0.058081	1.8616e-006	-0.05859	0.4456	0.50239	80.832	90.677
1.87e-006	-0.058255	1.8616e-006	-0.058277	0.44531	0.50235	80.958	90.644
1.87e-006	-0.058953	1.8616e-006	-0.05698	0.44498	0.50216	80.827	90.619
1.87e-006	-0.059003	1.8615e-006	-0.057316	0.4444	0.50237	80.856	90.596
1.87e-006	-0.05908	1.8615e-006	-0.05789	0.44424	0.5028	80.381	90.612
1.87e-006	-0.058683	1.8615e-006	-0.058048	0.44386	0.50241	80.243	90.634
1.87e-006	-0.059332	1.8615e-006	-0.058686	0.44351	0.50236	80.734	90.662
1.87e-006	-0.05934	1.8615e-006	-0.059871	0.44394	0.50242	80.915	90.693
1.87e-006	-0.059339	1.8615e-006	-0.059216	0.44425	0.50276	80.58	90.661
1.8701e-006	-0.058708	1.8615e-006	-0.059756	0.44402	0.50266	80.26	90.671
1.8701e-006	-0.057487	1.8615e-006	-0.05975	0.4442	0.50239	80.235	90.645
1.8701e-006	-0.058348	1.8615e-006	-0.059282	0.44451	0.5028	80.412	90.669
1.8701e-006	-0.058268	1.8615e-006	-0.059955	0.44432	0.50284	80.501	90.667
1.8701e-006	-0.0588	1.8615e-006	-0.059679	0.44443	0.50272	80.224	90.677
1.8701e-006	-0.058225	1.8615e-006	-0.05905	0.44448	0.50287	80.194	90.685
1.8701e-006	-0.058858	1.8614e-006	-0.059508	0.44431	0.50282	80.14	90.666
1.8702e-006	-0.059688	1.8614e-006	-0.05952	0.44396	0.5029	80.271	90.67
1.8702e-006	-0.058965	1.8614e-006	-0.059311	0.44347	0.50264	80.248	90.685
1.8702e-006	-0.058459	1.8614e-006	-0.059668	0.44309	0.50247	79.994	90.683
1.8702e-006	-0.058066	1.8614e-006	-0.059402	0.44338	0.50252	80.278	90.655
1.8702e-006	-0.059031	1.8614e-006	-0.059158	0.44384	0.5023	80.219	90.632
1.8702e-006	-0.058128	1.8614e-006	-0.059408	0.44361	0.50228	80.008	90.663
1.8702e-006	-0.058171	1.8614e-006	-0.058768	0.44329	0.50242	80.203	90.656
1.8702e-006	-0.058716	1.8614e-006	-0.059084	0.44358	0.50264	80.495	90.685
1.8702e-006	-0.059093	1.8613e-006	-0.058754	0.44398	0.50219	80.359	90.688
1.8702e-006	-0.058985	1.8613e-006	-0.058641	0.44378	0.50216	79.955	90.679
1.8702e-006	-0.058969	1.8613e-006	-0.060071	0.44278	0.50228	79.671	90.696
1.8703e-006	-0.058088	1.8613e-006	-0.060433	0.44258	0.50256	79.799	90.673
1.8703e-006	-0.057357	1.8613e-006	-0.059993	0.44287	0.50255	79.84	90.652
1.8703e-006	-0.057716	1.8613e-006	-0.059212	0.44318	0.50255	79.584	90.651
1.8703e-006	-0.058178	1.8613e-006	-0.059562	0.44254	0.50291	79.37	90.634
1.8703e-006	-0.058428	1.8613e-006	-0.060213	0.44223	0.50325	79.416	90.642
1.8703e-006	-0.057561	1.8613e-006	-0.059762	0.442	0.50318	79.264	90.661
1.8703e-006	-0.056583	1.8613e-006	-0.058956	0.44179	0.50301	79.077	90.672
1.8703e-006	-0.056622	1.8613e-006	-0.057914	0.44087	0.50271	78.991	90.69
1.8703e-006	-0.057058	1.8613e-006	-0.058075	0.44084	0.50306	78.828	90.671
1.8703e-006	-0.056981	1.8613e-006	-0.058037	0.44062	0.50315	79.051	90.681
1.8703e-006	-0.056692	1.8613e-006	-0.057192	0.44013	0.50294	79.123	90.683
1.8703e-006	-0.057599	1.8613e-006	-0.057557	0.44064	0.50281	78.925	90.656
1.8704e-006	-0.05773	1.8613e-006	-0.058802	0.44013	0.5028	78.535	90.621
1.8704e-006	-0.05783	1.8612e-006	-0.059331	0.43987	0.50269	78.491	90.648
1.8704e-006	-0.058931	1.8612e-006	-0.059404	0.43978	0.5024	78.438	90.661
1.8704e-006	-0.059269	1.8612e-006	-0.059624	0.43945	0.50272	78.236	90.686
1.8704e-006	-0.058464	1.8612e-006	-0.05983	0.43948	0.503	78.584	90.668
1.8704e-006	-0.058547	1.8612e-006	-0.060171	0.43971	0.5028	78.627	90.67
1.8705e-006	-0.058776	1.8612e-006	-0.060422	0.43936	0.50254	78.361	90.682
1.8705e-006	-0.058132	1.8612e-006	-0.06016	0.4387	0.50248	78.022	90.661
1.8705e-006	-0.058196	1.8611e-006	-0.059824	0.43819	0.50254	77.854	90.662
1.8704e-006	-0.05885	1.8611e-006	-0.058651	0.43872	0.50248	78.022	90.704
1.8704e-006	-0.058488	1.8611e-006	-0.058688	0.4389	0.50258	78.088	90.677
1.8705e-006	-0.057647	1.8612e-006	-0.059265	0.438	0.50223	78.014	90.641
1.8705e-006	-0.056973	1.8612e-006	-0.059484	0.43737	0.50241	78.074	90.642
1.8705e-006	-0.057262	1.8611e-006	-0.059457	0.43741	0.50279	78.341	90.613
1.8705e-006	-0.058053	1.8611e-006	-0.059161	0.43737	0.50292	78.15	90.65
1.8705e-006	-0.058142	1.8611e-006	-0.059148	0.43677	0.503	77.972	90.694
1.8705e-006	-0.058818	1.8611e-006	-0.05903	0.43678	0.5028	78.107	90.732
1.8705e-006	-0.058069	1.8611e-006	-0.05991	0.43688	0.50265	78.333	90.68
1.8705e-006	-0.059249	1.8611e-006	-0.059417	0.43673	0.50235	78.523	90.658
1.8705e-006	-0.059224	1.861e-006	-0.059113	0.43687	0.5025	78.749	90.634
1.8705e-006	-0.058934	1.8611e-006	-0.059019	0.43651	0.50246	78.535	90.623
1.8705e-006	-0.057966	1.8611e-006	-0.058687	0.4363	0.50275	78.337	90.627
1.8706e-006	-0.058063	1.8611e-006	-0.058132	0.4354	0.50265	77.671	90.644
1.8706e-006	-0.058367	1.861e-006	-0.058284	0.43493	0.50257	78.118	90.648
1.8705e-006	-0.058175	1.861e-006	-0.05849	0.43506	0.50232	78.335	90.669
1.8705e-006	-0.058318	1.861e-006	-0.057631	0.43449	0.50254	78.313	90.648
1.8705e-006	-0.056858	1.861e-006	-0.057203	0.43492	0.5023	78.277	90.64
1.8706e-006	-0.056346	1.861e-006	-0.057707	0.43541	0.50279	78.029	90.634
1.8706e-006	-0.056206	1.861e-006	-0.057292	0.43583	0.50282	77.58	90.638
1.8706e-006	-0.056616	1.861e-006	-0.05791	0.43544	0.50272	77.477	90.617
1.8706e-006	-0.056876	1.861e-006	-0.058842	0.43511	0.50255	77.507	90.629
1.8706e-006	-0.056761	1.861e-006	-0.059034	0.43387	0.50262	77.595	90.644
1.8707e-006	-0.056888	1.861e-006	-0.058356	0.43333	0.50263	77.689	90.619
1.8706e-006	-0.056276	1.861e-006	-0.059099	0.43319	0.5025	77.831	90.647
1.8706e-006	-0.057048	1.861e-006	-0.059447	0.43385	0.50252	77.98	90.646
1.8706e-006	-0.057405	1.8609e-006	-0.059067	0.43406	0.5026	77.717	90.626
1.8706e-006	-0.057348	1.8609e-006	-0.05917	0.43369	0.5025	77.579	90.647
1.8706e-006	-0.057676	1.8609e-006	-0.059582	0.43346	0.50274	77.538	90.65
1.8707e-006	-0.058785	1.8609e-006	-0.059129	0.43334	0.50266	77.402	90.683
1.8707e-006	-0.058864	1.8609e-006	-0.058255	0.43266	0.50248	77.416	90.691
1.8707e-006	-0.058109	1.8609e-006	-0.058129	0.43234	0.50253	77.516	90.644
1.8707e-006	-0.057218	1.8609e-006	-0.057899	0.43325	0.50258	77.995	90.614
1.8707e-006	-0.056956	1.8608e-006	-0.057763	0.434	0.50279	77.87	90.631
1.8707e-006	-0.057036	1.8608e-006	-0.059083	0.4341	0.50255	77.504	90.627
1.8707e-006	-0.056989	1.8608e-006	-0.059063	0.43408	0.50248	76.934	90.608
1.8707e-006	-0.057396	1.8608e-006	-0.058364	0.43348	0.50269	76.896	90.624
1.8708e-006	-0.058101	1.8608e-006	-0.057527	0.43274	0.50273	76.658	90.642
1.8708e-006	-0.057238	1.8608e-006	-0.057135	0.43257	0.50267	76.451	90.668
1.8709e-006	-0.057038	1.8608e-006	-0.058062	0.43237	0.50283	76.335	90.668
1.8708e-006	-0.058056	1.8608e-006	-0.058845	0.43179	0.50292	76.183	90.639
1.8708e-006	-0.057068	1.8608e-006	-0.058587	0.43146	0.50271	76.396	90.63
1.8708e-006	-0.057106	1.8608e-006	-0.059269	0.43177	0.50284	76.315	90.594
1.8708e-006	-0.057615	1.8607e-006	-0.060068	0.43051	0.50306	76.015	90.619
1.8708e-006	-0.057271	1.8607e-006	-0.059789	0.42942	0.503	76.448	90.611
1.8708e-006	-0.056868	1.8607e-006	-0.058692	0.4306	0.50267	76.503	90.588
1.8709e-006	-0.057091	1.8607e-006	-0.059125	0.43027	0.50254	76.402	90.617
1.8709e-006	-0.057639	1.8607e-006	-0.060031	0.43005	0.50243	76.357	90.654
1.8709e-006	-0.057143	1.8607e-006	-0.059434	0.42969	0.50263	76.316	90.654
1.8709e-006	-0.056953	1.8607e-006	-0.05814	0.42979	0.50307	76.543	90.632
1.8709e-006	-0.05656	1.8607e-006	-0.057963	0.43012	0.50316	76.43	90.65
1.8708e-006	-0.05667	1.8607e-006	-0.05792	0.42956	0.50285	76.116	90.658
1.8708e-006	-0.05685	1.8607e-006	-0.058376	0.42912	0.50291	75.931	90.614
1.8708e-006	-0.056678	1.8607e-006	-0.057861	0.42911	0.50286	75.99	90.645
1.8709e-006	-0.057198	1.8607e-006	-0.058211	0.42893	0.50273	75.753	90.672
1.8709e-006	-0.057781	1.8607e-006	-0.059313	0.42851	0.50275	75.571	90.652
1.871e-006	-0.057272	1.8606e-006	-0.059869	0.42814	0.50234	75.754	90.634
1.871e-006	-0.056845	1.8606e-006	-0.060188	0.42772	0.50231	75.736	90.634
1.871e-006	-0.057719	1.8606e-006	-0.058864	0.42759	0.50273	75.706	90.637
1.8709e-006	-0.057945	1.8606e-006	-0.058467	0.42716	0.50272	75.776	90.651
1.8709e-006	-0.057943	1.8606e-006	-0.057824	0.42673	0.50294	75.768	90.663
1.8709e-006	-0.058355	1.8606e-006	-0.058043	0.42771	0.50292	75.639	90.64
1.871e-006	-0.05753	1.8606e-006	-0.058684	0.42781	0.50261	75.127	90.645
1.871e-006	-0.056505	1.8606e-006	-0.059164	0.42763	0.50243	75.362	90.636
1.871e-006	-0.056742	1.8606e-006	-0.058681	0.42767	0.50244	75.257	90.634
1.871e-006	-0.056542	1.8606e-006	-0.057169	0.42725	0.50257	74.965	90.64
1.871e-006	-0.057175	1.8606e-006	-0.057145	0.42696	0.50262	75.251	90.657
1.871e-006	-0.057383	1.8606e-006	-0.057937	0.42624	0.50279	75.246	90.603
1.871e-006	-0.057306	1.8606e-006	-0.058228	0.42584	0.50314	75.15	90.611
1.871e-006	-0.057183	1.8605e-006	-0.058191	0.42548	0.50312	75.323	90.625
1.871e-006	-0.056564	1.8605e-006	-0.059974	0.42583	0.50294	75.144	90.632
1.8711e-006	-0.056835	1.8606e-006	-0.059434	0.42546	0.50281	75.436	90.65
1.8711e-006	-0.057071	1.8605e-006	-0.059089	0.42561	0.50304	75.785	90.647
1.8711e-006	-0.057101	1.8605e-006	-0.0589	0.42536	0.50293	75.831	90.63
1.8711e-006	-0.057732	1.8604e-006	-0.058863	0.42517	0.50255	75.92	90.616
1.8711e-006	-0.05877	1.8604e-006	-0.059519	0.42495	0.50246	76.178	90.631
1.8711e-006	-0.059131	1.8605e-006	-0.059786	0.4255	0.50234	76.338	90.621
1.8711e-006	-0.057385	1.8605e-006	-0.060784	0.4246	0.50247	76.305	90.593
1.8712e-006	-0.056992	1.8605e-006	-0.059937	0.42493	0.50266	76.429	90.592
1.8712e-006	-0.056528	1.8604e-006	-0.059166	0.4253	0.50274	76.306	90.614
1.8712e-006	-0.057307	1.8604e-006	-0.059113	0.42502	0.50297	76.148	90.639
1.8711e-006	-0.057224	1.8604e-006	-0.057665	0.42443	0.50273	76.022	90.656
1.8711e-006	-0.057014	1.8604e-006	-0.057715	0.4237	0.50245	75.828	90.672
1.8711e-006	-0.05738	1.8604e-006	-0.05809	0.42336	0.50224	75.424	90.634
1.8712e-006	-0.057203	1.8604e-006	-0.05803	0.42299	0.5024	75.312	90.603
1.8712e-006	-0.057473	1.8604e-006	-0.058007	0.42244	0.50253	75.176	90.586
1.8712e-006	-0.057089	1.8604e-006	-0.058018	0.42283	0.5024	75.616	90.624
1.8712e-006	-0.056081	1.8604e-006	-0.058129	0.42345	0.50239	75.622	90.639
1.8712e-006	-0.056816	1.8603e-006	-0.058262	0.42297	0.50233	75.487	90.612
1.8712e-006	-0.057766	1.8603e-006	-0.058006	0.4227	0.50235	75.388	90.624
1.8712e-006	-0.057095	1.8603e-006	-0.058441	0.42231	0.50268	74.738	90.625
1.8712e-006	-0.057124	1.8603e-006	-0.058042	0.42133	0.50255	74.624	90.595
1.8712e-006	-0.057507	1.8603e-006	-0.057387	0.42109	0.50266	74.989	90.625
1.8712e-006	-0.058276	1.8603e-006	-0.057321	0.42118	0.50266	74.966	90.616
1.8713e-006	-0.058695	1.8603e-006	-0.058415	0.42063	0.5028	74.53	90.595
1.8713e-006	-0.05852	1.8603e-006	-0.058347	0.41992	0.50297	74.236	90.618
